18 19
-1 -1 -1 -1 -1 -1 12565232 12565232 12565232 12565232 12565232 12565232 -1 -1 -1 -1 -1 -1 -1 
-1 -1 -1 -1 12565232 12565232 -1 -1 -1 12594254 -1 -1 12565232 12565232 -1 -1 -1 -1 -1 
-1 -1 -1 12565232 16777215 -1 -1 -1 16471455 15678053 12594254 -1 -1 -1 12565232 -1 -1 -1 -1 
-1 -1 12565232 16777215 -1 -1 -1 16471455 15678053 15678053 15678053 12594254 -1 -1 -1 12565232 -1 -1 -1 
-1 12565232 -1 -1 -1 -1 16471455 15678053 15678053 15678053 15678053 15678053 12594254 -1 -1 -1 12565232 -1 -1 
-1 12565232 -1 -1 -1 16471455 15678053 15678053 15678053 16777215 16777215 15678053 15678053 12594254 -1 -1 12565232 -1 -1 
12565232 -1 -1 -1 16471455 15678053 15678053 15678053 16777215 3607620 16777215 16777215 15743844 15480676 12594254 -1 -1 12565232 -1 
12565232 -1 -1 -1 16471455 15678053 15678053 15678053 15678053 16777215 16777215 15678053 15678053 15678053 12594254 -1 -1 12565232 -1 
12565232 -1 -1 16536735 15678053 15678053 16777215 16777215 15678053 15678053 15678053 15678053 16711422 16777215 15678053 12594254 -1 12565232 -1 
12565232 -1 -1 16471455 15678051 16777215 3607620 16777215 16711422 15612773 15678053 16777215 3607620 16777215 16777215 12594254 -1 12565232 -1 
-1 12565232 -1 16471455 15678053 15678053 16777215 16777215 15678053 15678053 15678053 15678053 16777215 16777215 15678053 12594254 -1 12565232 -1 
-1 -1 12565232 -1 16471455 15678053 15678053 15678053 15678053 15678053 15678053 15678053 15678053 15678053 12594254 -1 12565232 -1 -1 
-1 7690945 8617154 8617154 12565232 16471455 15678053 15678053 15678053 15678053 15678053 15678053 12594254 12594254 12565232 12565232 7690945 6177173 -1 
12565232 8617154 16506890 11117523 8617154 12565232 12565232 12565232 12565232 12565232 12565232 12565232 12565232 12565232 7690945 7690945 15182605 7690945 6177173 
-1 12565232 11117523 11117523 11117523 8617154 8617154 7690945 7690945 7690945 7690945 7690945 7690945 8617154 8617154 8617154 7690945 6177173 -1 
-1 -1 -1 12565232 11117523 16506890 11117523 11117523 11117523 11117523 11117523 8617154 8617154 8617154 15182605 7690945 6177173 -1 -1 
-1 -1 -1 -1 12565232 12565232 12565232 11117523 11117523 15910415 8617154 8617154 7690945 7690945 6177173 -1 -1 -1 -1 
-1 -1 -1 -1 -1 -1 -1 11117523 8617154 8617154 7690945 7690945 6177173 -1 -1 -1 -1 -1 -1 
