76 81
-1 -1 -1 -1 -1 -1 -1 -1 -1 -1 -1 -1 -1 -1 -1 -1 -1 -1 -1 -1 -1 -1 -1 -1 -1 -1 13021673 13021673 13021673 13021673 13021673 13021673 13021673 13021673 13021673 13021673 13021673 13021673 13021673 13021673 13021673 13021673 13021673 13021673 13021673 13021673 13021673 13021673 13021673 13021673 13021673 -1 -1 -1 -1 -1 -1 -1 -1 -1 -1 -1 -1 -1 -1 -1 -1 -1 -1 -1 -1 -1 -1 -1 -1 -1 -1 -1 -1 -1 -1 
-1 -1 -1 -1 -1 -1 -1 -1 -1 -1 -1 -1 -1 -1 -1 -1 -1 -1 -1 -1 -1 -1 -1 -1 -1 -1 13021673 13021673 13021673 13021673 13021673 13021673 13021673 13021673 13021673 13021673 13021673 13021673 13021673 13021673 13021673 13021673 13021673 13021673 13021673 13021673 13021673 13021673 13021673 13021673 13021673 -1 -1 -1 -1 -1 -1 -1 -1 -1 -1 -1 -1 -1 -1 -1 -1 -1 -1 -1 -1 -1 -1 -1 -1 -1 -1 -1 -1 -1 -1 
-1 -1 -1 -1 -1 -1 -1 -1 -1 -1 -1 -1 -1 -1 -1 -1 -1 -1 -1 -1 -1 -1 -1 -1 -1 -1 13021673 13021673 13021673 13021673 13021673 13021673 13021673 13021673 13021673 13021673 13021673 13021673 13021673 13021673 13021673 13021673 13021673 13021673 13021673 13021673 13021673 13021673 13021673 13021673 13021673 -1 -1 -1 -1 -1 -1 -1 -1 -1 -1 -1 -1 -1 -1 -1 -1 -1 -1 -1 -1 -1 -1 -1 -1 -1 -1 -1 -1 -1 -1 
-1 -1 -1 -1 -1 -1 -1 -1 -1 -1 -1 -1 -1 -1 -1 -1 -1 -1 -1 -1 -1 -1 -1 -1 -1 -1 13021673 13021673 13021673 13021673 13021673 13021673 13021673 13021673 13021673 13021673 13021673 13021673 13021673 13021673 13021673 13021673 13021673 13021673 13021673 13021673 13021673 13021673 13021673 13021673 13021673 -1 -1 -1 -1 -1 -1 -1 -1 -1 -1 -1 -1 -1 -1 -1 -1 -1 -1 -1 -1 -1 -1 -1 -1 -1 -1 -1 -1 -1 -1 
-1 -1 -1 -1 -1 -1 -1 -1 -1 -1 -1 -1 -1 -1 -1 -1 -1 12828909 12828909 12828909 12828909 12828909 12828909 12828909 12828909 12828909 -1 -1 -1 -1 -1 -1 -1 -1 -1 -1 -1 -1 11351137 11351137 11351137 11351137 -1 -1 -1 -1 -1 -1 -1 -1 -1 13485566 13485566 13485566 13485566 13485566 13485566 13485566 13485566 13485566 -1 -1 -1 -1 -1 -1 -1 -1 -1 -1 -1 -1 -1 -1 -1 -1 -1 -1 -1 -1 -1 
-1 -1 -1 -1 -1 -1 -1 -1 -1 -1 -1 -1 -1 -1 -1 -1 -1 12828909 12828909 12828909 12828909 12828909 12828909 12828909 12828909 12828909 -1 -1 -1 -1 -1 -1 -1 -1 -1 -1 -1 -1 11351137 11351137 11351137 11351137 -1 -1 -1 -1 -1 -1 -1 -1 -1 13485566 13485566 13485566 13485566 13485566 13485566 13485566 13485566 13485566 -1 -1 -1 -1 -1 -1 -1 -1 -1 -1 -1 -1 -1 -1 -1 -1 -1 -1 -1 -1 -1 
-1 -1 -1 -1 -1 -1 -1 -1 -1 -1 -1 -1 -1 -1 -1 -1 -1 12828909 12828909 12828909 12828909 12828909 12828909 12828909 12828909 12828909 -1 -1 -1 -1 -1 -1 -1 -1 -1 -1 -1 -1 11351137 11351137 11351137 11351137 -1 -1 -1 -1 -1 -1 -1 -1 -1 13485566 13485566 13485566 13485566 13485566 13485566 13485566 13485566 13485566 -1 -1 -1 -1 -1 -1 -1 -1 -1 -1 -1 -1 -1 -1 -1 -1 -1 -1 -1 -1 -1 
-1 -1 -1 -1 -1 -1 -1 -1 -1 -1 -1 -1 -1 -1 -1 -1 -1 12828909 12828909 12828909 12828909 12828909 12828909 12828909 12828909 12828909 -1 -1 -1 -1 -1 -1 -1 -1 -1 -1 -1 -1 11351137 11351137 11351137 11351137 -1 -1 -1 -1 -1 -1 -1 -1 -1 13485566 13485566 13485566 13485566 13485566 13485566 13485566 13485566 13485566 -1 -1 -1 -1 -1 -1 -1 -1 -1 -1 -1 -1 -1 -1 -1 -1 -1 -1 -1 -1 -1 
-1 -1 -1 -1 -1 -1 -1 -1 -1 -1 -1 -1 -1 13417435 13417435 13417435 13417435 16643327 16643327 16643327 16643327 -1 -1 -1 -1 -1 -1 -1 -1 -1 -1 -1 -1 -1 15426980 15426980 15426980 15426980 15023721 15023721 15023721 15023721 11611725 11611725 11611725 11611725 -1 -1 -1 -1 -1 -1 -1 -1 -1 -1 -1 -1 -1 -1 13415913 13415913 13415913 13415913 -1 -1 -1 -1 -1 -1 -1 -1 -1 -1 -1 -1 -1 -1 -1 -1 -1 
-1 -1 -1 -1 -1 -1 -1 -1 -1 -1 -1 -1 -1 13417435 13417435 13417435 13417435 16643327 16643327 16643327 16643327 -1 -1 -1 -1 -1 -1 -1 -1 -1 -1 -1 -1 -1 15426980 15426980 15426980 15426980 15023721 15023721 15023721 15023721 11611725 11611725 11611725 11611725 -1 -1 -1 -1 -1 -1 -1 -1 -1 -1 -1 -1 -1 -1 13415913 13415913 13415913 13415913 -1 -1 -1 -1 -1 -1 -1 -1 -1 -1 -1 -1 -1 -1 -1 -1 -1 
-1 -1 -1 -1 -1 -1 -1 -1 -1 -1 -1 -1 -1 13417435 13417435 13417435 13417435 16643327 16643327 16643327 16643327 -1 -1 -1 -1 -1 -1 -1 -1 -1 -1 -1 -1 -1 15426980 15426980 15426980 15426980 15023721 15023721 15023721 15023721 11611725 11611725 11611725 11611725 -1 -1 -1 -1 -1 -1 -1 -1 -1 -1 -1 -1 -1 -1 13415913 13415913 13415913 13415913 -1 -1 -1 -1 -1 -1 -1 -1 -1 -1 -1 -1 -1 -1 -1 -1 -1 
-1 -1 -1 -1 -1 -1 -1 -1 -1 -1 -1 -1 -1 13417435 13417435 13417435 13417435 16643327 16643327 16643327 16643327 -1 -1 -1 -1 -1 -1 -1 -1 -1 -1 -1 -1 -1 15426980 15426980 15426980 15426980 15023721 15023721 15023721 15023721 11611725 11611725 11611725 11611725 -1 -1 -1 -1 -1 -1 -1 -1 -1 -1 -1 -1 -1 -1 13415913 13415913 13415913 13415913 -1 -1 -1 -1 -1 -1 -1 -1 -1 -1 -1 -1 -1 -1 -1 -1 -1 
-1 -1 -1 -1 -1 -1 -1 -1 -1 -1 -1 -1 -1 13417435 13417435 13417435 13417435 16643327 16643327 16643327 16643327 -1 -1 -1 -1 -1 -1 -1 -1 -1 -1 -1 -1 -1 15426980 15426980 15426980 15426980 15023721 15023721 15023721 15023721 15023721 15023721 15023721 15023721 10694482 10694482 10694482 10694482 -1 -1 -1 -1 -1 -1 -1 -1 -1 -1 13415913 13415913 13415913 13415913 -1 -1 -1 -1 -1 -1 -1 -1 -1 -1 -1 -1 -1 -1 -1 -1 -1 
-1 -1 -1 -1 -1 -1 -1 -1 12429786 12429786 12429786 12429786 12429786 16182527 16182527 16182527 16182527 -1 -1 -1 -1 -1 -1 -1 -1 -1 -1 -1 -1 -1 15361447 15361447 15361447 15361447 15023721 15023721 15023721 15023721 15023721 15023721 15023721 15023721 15023721 15023721 15023721 15023721 10694482 10694482 10694482 10694482 -1 -1 -1 -1 -1 -1 -1 -1 -1 -1 -1 -1 -1 -1 12494813 12494813 12494813 12494813 -1 -1 -1 -1 -1 -1 -1 -1 -1 -1 -1 -1 -1 
-1 -1 -1 -1 -1 -1 -1 -1 12429786 12429786 12429786 12429786 12429786 16182527 16182527 16182527 16182527 -1 -1 -1 -1 -1 -1 -1 -1 -1 -1 -1 -1 -1 15361447 15361447 15361447 15361447 15023721 15023721 15023721 15023721 15023721 15023721 15023721 15023721 15023721 15023721 15023721 15023721 10694482 10694482 10694482 10694482 -1 -1 -1 -1 -1 -1 -1 -1 -1 -1 -1 -1 -1 -1 12494813 12494813 12494813 12494813 -1 -1 -1 -1 -1 -1 -1 -1 -1 -1 -1 -1 -1 
-1 -1 -1 -1 -1 -1 -1 -1 12429786 12429786 12429786 12429786 12429786 16182527 16182527 16182527 16182527 -1 -1 -1 -1 -1 -1 -1 -1 -1 -1 -1 -1 -1 15361447 15361447 15361447 15361447 15023721 15023721 15023721 15023721 15023721 15023721 15023721 15023721 15023721 15023721 15023721 15023721 10694482 10694482 10694482 10694482 -1 -1 -1 -1 -1 -1 -1 -1 -1 -1 -1 -1 -1 -1 12494813 12494813 12494813 12494813 -1 -1 -1 -1 -1 -1 -1 -1 -1 -1 -1 -1 -1 
-1 -1 -1 -1 -1 -1 -1 -1 12429786 12429786 12429786 12429786 12429786 16182527 16182527 16182527 16182527 -1 -1 -1 -1 -1 -1 -1 -1 -1 -1 -1 -1 -1 15361447 15361447 15361447 15361447 15023721 15023721 15023721 15023721 15023721 15023721 15023721 15482214 15023721 15023721 15023721 15023721 15023721 15023721 15023721 15023721 14168147 14168147 14168147 14168147 -1 -1 -1 -1 -1 -1 -1 -1 -1 -1 12494813 12494813 12494813 12494813 -1 -1 -1 -1 -1 -1 -1 -1 -1 -1 -1 -1 -1 
-1 -1 -1 -1 13022187 13022187 13022187 13022187 -1 -1 -1 -1 -1 -1 -1 -1 -1 -1 -1 -1 -1 -1 -1 -1 -1 -1 15754652 15754652 15754652 15754652 15023721 15023721 15023721 15023721 15023721 15023721 15023721 15023721 15023721 15023721 14827625 14827625 14827625 14827625 14827625 15023721 15023721 15023721 15023721 15023721 14168147 14168147 14168147 14168147 -1 -1 -1 -1 -1 -1 -1 -1 -1 -1 -1 -1 -1 -1 12169700 12169700 12169700 12169700 -1 -1 -1 -1 -1 -1 -1 -1 -1 
-1 -1 -1 -1 13022187 13022187 13022187 13022187 -1 -1 -1 -1 -1 -1 -1 -1 -1 -1 -1 -1 -1 -1 -1 -1 -1 -1 15754652 15754652 15754652 15754652 15023721 15023721 15023721 15023721 15023721 15023721 15023721 15023721 15023721 15023721 14827625 14827625 14827625 14827625 14827625 15023721 15023721 15023721 15023721 15023721 14168147 14168147 14168147 14168147 -1 -1 -1 -1 -1 -1 -1 -1 -1 -1 -1 -1 -1 -1 12169700 12169700 12169700 12169700 -1 -1 -1 -1 -1 -1 -1 -1 -1 
-1 -1 -1 -1 13022187 13022187 13022187 13022187 -1 -1 -1 -1 -1 -1 -1 -1 -1 -1 -1 -1 -1 -1 -1 -1 -1 -1 15754652 15754652 15754652 15754652 15023721 15023721 15023721 15023721 15023721 15023721 15023721 15023721 15023721 15023721 14827625 14827625 14827625 14827625 14827625 15023721 15023721 15023721 15023721 15023721 14168147 14168147 14168147 14168147 -1 -1 -1 -1 -1 -1 -1 -1 -1 -1 -1 -1 -1 -1 12169700 12169700 12169700 12169700 -1 -1 -1 -1 -1 -1 -1 -1 -1 
-1 -1 -1 -1 13022187 13022187 13022187 13022187 -1 -1 -1 -1 -1 -1 -1 -1 -1 -1 -1 -1 -1 -1 -1 -1 -1 -1 15754652 15754652 15754652 15754652 15023721 15023721 15023721 15023721 15023721 15023721 15023721 15023721 15023721 15023721 14827625 14827625 14827625 14827625 14827625 14827625 14827625 14827625 14827625 14827625 14168147 14168147 14168147 14168147 13707848 13707848 13707848 13707848 13707848 13707848 -1 -1 -1 -1 -1 -1 -1 -1 12169700 12169700 12169700 12169700 -1 -1 -1 -1 -1 -1 -1 -1 -1 
-1 -1 -1 -1 13022187 13022187 13022187 13022187 -1 -1 -1 -1 -1 -1 -1 -1 -1 -1 -1 -1 -1 15686048 15686048 15686048 15686048 15686048 15023721 15023721 15023721 15023721 15023721 15023721 15023721 15023721 15023721 15023721 15023721 15023721 15023721 16772847 16772847 16772847 16772847 16772847 16772847 16772847 16772847 15284326 15284326 15284326 15284326 15284326 15284326 15284326 13707848 13707848 13707848 13707848 13707848 13707848 -1 -1 -1 -1 -1 -1 -1 -1 12169700 12169700 12169700 12169700 -1 -1 -1 -1 -1 -1 -1 -1 -1 
-1 -1 -1 -1 13022187 13022187 13022187 13022187 -1 -1 -1 -1 -1 -1 -1 -1 -1 -1 -1 -1 -1 15686048 15686048 15686048 15686048 15686048 15023721 15023721 15023721 15023721 15023721 15023721 15023721 15023721 15023721 15023721 15023721 15023721 15023721 16772847 16772847 16772847 16772847 16772847 16772847 16772847 16772847 15284326 15284326 15284326 15284326 15284326 15284326 15284326 13707848 13707848 13707848 13707848 13707848 13707848 -1 -1 -1 -1 -1 -1 -1 -1 12169700 12169700 12169700 12169700 -1 -1 -1 -1 -1 -1 -1 -1 -1 
-1 -1 -1 -1 13022187 13022187 13022187 13022187 -1 -1 -1 -1 -1 -1 -1 -1 -1 -1 -1 -1 -1 15686048 15686048 15686048 15686048 15686048 15023721 15023721 15023721 15023721 15023721 15023721 15023721 15023721 15023721 15023721 15023721 15023721 15023721 16772847 16772847 16772847 16772847 16772847 16772847 16772847 16772847 15284326 15284326 15284326 15284326 15284326 15284326 15284326 13707848 13707848 13707848 13707848 13707848 13707848 -1 -1 -1 -1 -1 -1 -1 -1 12169700 12169700 12169700 12169700 -1 -1 -1 -1 -1 -1 -1 -1 -1 
-1 -1 -1 -1 13022187 13022187 13022187 13022187 -1 -1 -1 -1 -1 -1 -1 -1 -1 -1 -1 -1 -1 15686048 15686048 15686048 15686048 15686048 15023721 15023721 15023721 15023721 15023721 15023721 15023721 15023721 15023721 15023721 15023721 15023721 15023721 16772847 16772847 16772847 16772847 16772847 16772847 16772847 16772847 15284326 15284326 15284326 15284326 15284326 15284326 15284326 15284326 15284326 15284326 15284326 15284326 15284326 13707848 13707848 13707848 13707848 -1 -1 -1 -1 12169700 12169700 12169700 12169700 -1 -1 -1 -1 -1 -1 -1 -1 -1 
-1 -1 -1 -1 13022187 13022187 13022187 13022187 -1 -1 -1 -1 -1 -1 -1 -1 -1 15816084 15816084 15816084 15816084 15023721 15023721 15023721 15023721 15023721 15023721 15023721 15023721 15023721 15023721 15023721 15023721 15023721 16772847 16772847 16772847 16772847 16772847 1966866 1966866 1966866 1966866 16772847 16772847 16772847 16772847 16772847 16772847 16772847 16772847 15284326 15284326 15284326 15284326 15284326 15284326 15284326 15284326 15284326 13707848 13707848 13707848 13707848 -1 -1 -1 -1 12169700 12169700 12169700 12169700 -1 -1 -1 -1 -1 -1 -1 -1 -1 
11906265 11906265 11906265 11906265 -1 -1 -1 -1 -1 -1 -1 -1 -1 -1 -1 -1 -1 15816084 15816084 15816084 15816084 15023721 15023721 15023721 15023721 15023721 15023721 15023721 15023721 15023721 15023721 15023721 15023721 15023721 16772847 16772847 16772847 16772847 16772847 1966866 1966866 1966866 1966866 16772847 16772847 16772847 16772847 16772847 16772847 16772847 16772847 15284326 15284326 15284326 15284326 15284326 15284326 15284326 15284326 15284326 13707848 13707848 13707848 13707848 -1 -1 -1 -1 -1 -1 -1 -1 12893680 12893680 12893680 12893680 -1 -1 -1 -1 -1 
11906265 11906265 11906265 11906265 -1 -1 -1 -1 -1 -1 -1 -1 -1 -1 -1 -1 -1 15816084 15816084 15816084 15816084 15023721 15023721 15023721 15023721 15023721 15023721 15023721 15023721 15023721 15023721 15023721 15023721 15023721 16772847 16772847 16772847 16772847 16772847 1966866 1966866 1966866 1966866 16772847 16772847 16772847 16772847 16772847 16772847 16772847 16772847 15284326 15284326 15284326 15284326 15284326 15284326 15284326 15284326 15284326 13707848 13707848 13707848 13707848 -1 -1 -1 -1 -1 -1 -1 -1 12893680 12893680 12893680 12893680 -1 -1 -1 -1 -1 
11906265 11906265 11906265 11906265 -1 -1 -1 -1 -1 -1 -1 -1 -1 -1 -1 -1 -1 15816084 15816084 15816084 15816084 15023721 15023721 15023721 15023721 15023721 15023721 15023721 15023721 15023721 15023721 15023721 15023721 15023721 16772847 16772847 16772847 16772847 16772847 1966866 1966866 1966866 1966866 16772847 16772847 16772847 16772847 16772847 16772847 16772847 16772847 15284326 15284326 15284326 15284326 15284326 15284326 15284326 15284326 15284326 13050969 13050969 13050969 13050969 -1 -1 -1 -1 -1 -1 -1 -1 12893680 12893680 12893680 12893680 -1 -1 -1 -1 -1 
11906265 11906265 11906265 11906265 -1 -1 -1 -1 -1 -1 -1 -1 -1 -1 -1 -1 -1 15816084 15816084 15816084 15816084 15023721 15023721 15023721 15023721 15023721 15023721 15023721 15023721 15023721 15023721 15023721 15023721 15023721 16772847 16772847 16772847 16772847 16772847 16772847 16772847 16772847 16772847 16772847 16772847 16772847 16772847 16772847 16772847 16772847 16772847 15284326 15284326 15284326 15284326 15284326 15284326 15284326 15284326 15284326 13050969 13050969 13050969 13050969 -1 -1 -1 -1 -1 -1 -1 -1 12893680 12893680 12893680 12893680 -1 -1 -1 -1 -1 
11906265 11906265 11906265 11906265 -1 -1 -1 -1 -1 -1 -1 -1 -1 -1 -1 -1 -1 15816084 15816084 15816084 15816084 15023721 15023721 15023721 15023721 15023721 15023721 15023721 15023721 15023721 15023721 15023721 15023721 15023721 15284326 15284326 15284326 15284326 15284326 16772847 16772847 16772847 16772847 16772847 16772847 16772847 16772847 15284326 15284326 15284326 15284326 15284326 15284326 15284326 15284326 15284326 15284326 15284326 15284326 15284326 13050969 13050969 13050969 13050969 -1 -1 -1 -1 -1 -1 -1 -1 12893680 12893680 12893680 12893680 -1 -1 -1 -1 -1 
11906265 11906265 11906265 11906265 -1 -1 -1 -1 -1 -1 -1 -1 -1 -1 -1 -1 -1 15816084 15816084 15816084 15816084 15023721 15023721 15023721 15023721 15023721 15023721 15023721 15023721 15023721 15023721 15023721 15023721 15023721 15284326 15284326 15284326 15284326 15284326 16772847 16772847 16772847 16772847 16772847 16772847 16772847 16772847 15284326 15284326 15284326 15284326 15284326 15284326 15284326 15284326 15284326 15284326 15284326 15284326 15284326 13050969 13050969 13050969 13050969 -1 -1 -1 -1 -1 -1 -1 -1 12893680 12893680 12893680 12893680 -1 -1 -1 -1 -1 
11906265 11906265 11906265 11906265 -1 -1 -1 -1 -1 -1 -1 -1 -1 -1 -1 -1 -1 15816084 15816084 15816084 15816084 15023721 15023721 15023721 15023721 15023721 15023721 15023721 15023721 15023721 15023721 15023721 15023721 15023721 15284326 15284326 15284326 15284326 15284326 16772847 16772847 16772847 16772847 16772847 16772847 16772847 16772847 15284326 15284326 15284326 15284326 15284326 15284326 15284326 15284326 15284326 15284326 15284326 15284326 15284326 13050969 13050969 13050969 13050969 -1 -1 -1 -1 -1 -1 -1 -1 12893680 12893680 12893680 12893680 -1 -1 -1 -1 -1 
11906265 11906265 11906265 11906265 -1 -1 -1 -1 -1 -1 -1 -1 -1 -1 -1 -1 -1 15816084 15816084 15816084 15816084 15023721 15023721 15023721 15023721 15023721 15023721 15023721 15023721 15023721 15023721 15023721 15023721 15023721 15284326 15284326 15284326 15284326 15284326 16772847 16772847 16772847 16772847 16772847 16772847 16772847 16772847 15284326 15284326 15284326 15284326 15284326 15284326 15284326 15284326 15284326 15284326 15284326 15284326 15284326 15221611 15221611 15221611 15221611 11018043 11018043 11018043 11018043 -1 -1 -1 -1 12893680 12893680 12893680 12893680 -1 -1 -1 -1 -1 
11906265 11906265 11906265 11906265 -1 -1 -1 -1 -1 -1 -1 -1 -1 15030175 15030175 15030175 15030175 15285362 15285362 15285362 15285362 15745388 15023721 15023721 15023721 16645881 16645881 16645881 16645881 16645881 16645881 16645881 16645881 16645881 15284326 15284326 15284326 15284326 15284326 15284326 15284326 15284326 15284326 15284326 15284326 15284326 15284326 15284326 15284326 15284326 15284326 16772328 16772328 16772328 16772328 16772328 16772328 16772328 16772328 16772328 15221611 15221611 15221611 15221611 11018043 11018043 11018043 11018043 -1 -1 -1 -1 12893680 12893680 12893680 12893680 -1 -1 -1 -1 -1 
11906265 11906265 11906265 11906265 -1 -1 -1 -1 -1 -1 -1 -1 -1 15030175 15030175 15030175 15030175 15285362 15285362 15285362 15285362 15745388 15023721 15023721 15023721 16645881 16645881 16645881 16645881 16645881 16645881 16645881 16645881 16645881 15284326 15284326 15284326 15284326 15284326 15284326 15284326 15284326 15284326 15284326 15284326 15284326 15284326 15284326 15284326 15284326 15284326 16772328 16772328 16772328 16772328 16772328 16772328 16772328 16772328 16772328 15221611 15221611 15221611 15221611 11018043 11018043 11018043 11018043 -1 -1 -1 -1 12893680 12893680 12893680 12893680 -1 -1 -1 -1 -1 
11906265 11906265 11906265 11906265 -1 -1 -1 -1 -1 -1 -1 -1 -1 15030175 15030175 15030175 15030175 15285362 15285362 15285362 15285362 15745388 15023721 15023721 15023721 16645881 16645881 16645881 16645881 16645881 16645881 16645881 16645881 16645881 15284326 15284326 15284326 15284326 15284326 15284326 15284326 15284326 15284326 15284326 15284326 15284326 15284326 15284326 15284326 15284326 15284326 16772328 16772328 16772328 16772328 16772328 16772328 16772328 16772328 16772328 15221611 15221611 15221611 15221611 11018043 11018043 11018043 11018043 -1 -1 -1 -1 12893680 12893680 12893680 12893680 -1 -1 -1 -1 -1 
11906265 11906265 11906265 11906265 -1 -1 -1 -1 -1 -1 -1 -1 -1 15030175 15030175 15030175 15030175 15285362 15285362 15285362 15285362 15745388 15023721 15023721 15023721 16645881 16645881 16645881 16645881 16645881 16645881 16645881 16645881 16645881 15284326 15284326 15284326 15284326 15284326 15284326 15284326 15284326 15284326 15284326 15284326 15284326 15284326 15284326 15284326 15284326 15284326 16772328 16772328 16772328 16772328 16772328 16772328 16772328 16772328 16772328 15221611 15221611 15221611 15221611 11609156 11609156 11609156 11609156 -1 -1 -1 -1 12893680 12893680 12893680 12893680 -1 -1 -1 -1 -1 
11906265 11906265 11906265 11906265 -1 -1 -1 -1 -1 -1 -1 -1 -1 15030175 15030175 15030175 15030175 15285362 15285362 15285362 15285362 16645881 16645881 16645881 16645881 1902868 1902868 1902868 1902868 16645881 16645881 16645881 16645881 16645881 16645881 16645881 16645881 16645881 15284326 15284326 15284326 15284326 15284326 15284326 15284326 15284326 15284326 16772328 16772328 16772328 16772328 917778 917778 917778 917778 16772328 16772328 16772328 16772328 16772328 16772328 16772328 16772328 16772328 11609156 11609156 11609156 11609156 -1 -1 -1 -1 12893680 12893680 12893680 12893680 -1 -1 -1 -1 -1 
11906265 11906265 11906265 11906265 -1 -1 -1 -1 -1 -1 -1 -1 -1 15030175 15030175 15030175 15030175 15285362 15285362 15285362 15285362 16645881 16645881 16645881 16645881 1902868 1902868 1902868 1902868 16645881 16645881 16645881 16645881 16645881 16645881 16645881 16645881 16645881 15284326 15284326 15284326 15284326 15284326 15284326 15284326 15284326 15284326 16772328 16772328 16772328 16772328 917778 917778 917778 917778 16772328 16772328 16772328 16772328 16772328 16772328 16772328 16772328 16772328 11609156 11609156 11609156 11609156 -1 -1 -1 -1 12893680 12893680 12893680 12893680 -1 -1 -1 -1 -1 
11906265 11906265 11906265 11906265 -1 -1 -1 -1 -1 -1 -1 -1 -1 15030175 15030175 15030175 15030175 15285362 15285362 15285362 15285362 16645881 16645881 16645881 16645881 1902868 1902868 1902868 1902868 16645881 16645881 16645881 16645881 16645881 16645881 16645881 16645881 16645881 15284326 15284326 15284326 15284326 15284326 15284326 15284326 15284326 15284326 16772328 16772328 16772328 16772328 917778 917778 917778 917778 16772328 16772328 16772328 16772328 16772328 16772328 16772328 16772328 16772328 11609156 11609156 11609156 11609156 -1 -1 -1 -1 12893680 12893680 12893680 12893680 -1 -1 -1 -1 -1 
11906265 11906265 11906265 11906265 -1 -1 -1 -1 -1 -1 -1 -1 -1 15030175 15030175 15030175 15030175 15285362 15285362 15285362 15285362 16645881 16645881 16645881 16645881 1902868 1902868 1902868 1902868 16514303 16645881 16645881 16645881 16645881 16645881 16645881 16645881 16645881 15284326 15284326 15284326 15284326 15284326 15284326 15284326 15284326 15284326 16772328 16772328 16772328 16772328 917778 917778 917778 917778 16772328 16772328 16772328 16772328 16772328 16772328 16772328 16772328 16772328 11609156 11609156 11609156 11609156 -1 -1 -1 -1 12893680 12893680 12893680 12893680 -1 -1 -1 -1 -1 
-1 -1 -1 -1 13349609 13349609 13349609 13349609 -1 -1 -1 -1 -1 15030175 15030175 15030175 15030175 15285362 15285362 15285362 15285362 16645881 16645881 16645881 16645881 16645881 16773877 16645881 16645881 16645881 16645881 16645881 16645881 16645881 16645881 16645881 16645881 16645881 15284326 15284326 15284326 15284326 15284326 15284326 15284326 15284326 15284326 16772328 16772328 16772328 16772328 16772328 16772328 16772328 16772328 16772328 16772328 16772328 16772328 16772328 16772328 16772328 16772328 16772328 11609156 11609156 11609156 11609156 -1 -1 -1 -1 12893680 12893680 12893680 12893680 -1 -1 -1 -1 -1 
-1 -1 -1 -1 13349609 13349609 13349609 13349609 -1 -1 -1 -1 -1 15030175 15030175 15030175 15030175 15285362 15285362 15285362 15285362 14893929 14893929 14893929 14893929 16645881 16645881 16645881 16645881 16645881 16645881 16645881 16645881 16645881 15284326 15284326 15284326 15284326 15284326 15284326 15284326 15284326 15284326 15284326 15284326 15284326 15284326 15284326 15284326 15284326 15284326 16772328 16772328 16772328 16772328 16772328 16772328 16772328 16772328 16772328 14041181 14041181 14041181 14041181 11609156 11609156 11609156 11609156 -1 -1 -1 -1 12893680 12893680 12893680 12893680 -1 -1 -1 -1 -1 
-1 -1 -1 -1 13349609 13349609 13349609 13349609 -1 -1 -1 -1 -1 15030175 15030175 15030175 15030175 15285362 15285362 15285362 15285362 14893929 14893929 14893929 14893929 16645881 16645881 16645881 16645881 16645881 16645881 16645881 16645881 16645881 15284326 15284326 15284326 15284326 15284326 15284326 15284326 15284326 15284326 15284326 15284326 15284326 15284326 15284326 15284326 15284326 15284326 16772328 16772328 16772328 16772328 16772328 16772328 16772328 16772328 16772328 14041181 14041181 14041181 14041181 11609156 11609156 11609156 11609156 -1 -1 -1 -1 12893680 12893680 12893680 12893680 -1 -1 -1 -1 -1 
-1 -1 -1 -1 13349609 13349609 13349609 13349609 -1 -1 -1 -1 -1 15030175 15030175 15030175 15030175 15285362 15285362 15285362 15285362 14893929 14893929 14893929 14893929 16645881 16645881 16645881 16645881 16645881 16645881 16645881 16645881 16645881 15284326 15284326 15284326 15284326 15284326 15284326 15284326 15284326 15284326 15284326 15284326 15284326 15284326 15284326 15284326 15284326 15284326 16772328 16772328 16772328 16772328 16772328 16772328 16772328 16772328 16772328 14041181 14041181 14041181 14041181 11609156 11609156 11609156 11609156 -1 -1 -1 -1 12893680 12893680 12893680 12893680 -1 -1 -1 -1 -1 
-1 -1 -1 -1 13349609 13349609 13349609 13349609 -1 -1 -1 -1 -1 15030175 15030175 15030175 15030175 15285362 15285362 15285362 15285362 14893929 14893929 14893929 14893929 16645881 16645881 16645881 16645881 16645881 16645881 16645881 16645881 16645881 15284326 15284326 15284326 15284326 15284326 15284326 15284326 15284326 15284326 15284326 15284326 15284326 15284326 15284326 15284326 15284326 15284326 16772328 16772328 16772328 16772328 16772328 16772328 16772328 16772328 16772328 14041181 14041181 14041181 14041181 11609156 11609156 11609156 11609156 -1 -1 -1 -1 12893680 12893680 12893680 12893680 -1 -1 -1 -1 -1 
-1 -1 -1 -1 -1 -1 -1 -1 13746413 13746413 13746413 13746413 13746413 5123695 5123695 5123695 5123695 13656996 13656996 13656996 13656996 13656996 15284326 15284326 15284326 15284326 15284326 15284326 15284326 15284326 15284326 15284326 15284326 15284326 15284326 15284326 15284326 15284326 15284326 15284326 15284326 15284326 15284326 15284326 15284326 15284326 15284326 15284326 15284326 15284326 15284326 13839961 13839961 13839961 13839961 13839961 13839961 13839961 13839961 11607626 11607626 11607626 11607626 11607626 -1 -1 -1 -1 13285349 13285349 13285349 13285349 -1 -1 -1 -1 -1 -1 -1 -1 -1 
-1 -1 -1 -1 -1 -1 -1 -1 13746413 13746413 13746413 13746413 13746413 5123695 5123695 5123695 5123695 13656996 13656996 13656996 13656996 13656996 15284326 15284326 15284326 15284326 15284326 15284326 15284326 15284326 15284326 15284326 15284326 15284326 15284326 15284326 15284326 15284326 15284326 15284326 15284326 15284326 15284326 15284326 15284326 15284326 15284326 15284326 15284326 15284326 15284326 13839961 13839961 13839961 13839961 13839961 13839961 13839961 13839961 11607626 11607626 11607626 11607626 11607626 -1 -1 -1 -1 13285349 13285349 13285349 13285349 -1 -1 -1 -1 -1 -1 -1 -1 -1 
-1 -1 -1 -1 -1 -1 -1 -1 13746413 13746413 13746413 13746413 13746413 5123695 5123695 5123695 5123695 13656996 13656996 13656996 13656996 13656996 15284326 15284326 15284326 15284326 15284326 15284326 15284326 15284326 15284326 15284326 15284326 15284326 15284326 15284326 15284326 15284326 15284326 15284326 15284326 15284326 15284326 15284326 15284326 15284326 15284326 15284326 15284326 15284326 15284326 13839961 13839961 13839961 13839961 13839961 13839961 13839961 13839961 11607626 11607626 11607626 11607626 11607626 -1 -1 -1 -1 13285349 13285349 13285349 13285349 -1 -1 -1 -1 -1 -1 -1 -1 -1 
-1 -1 -1 -1 -1 -1 -1 -1 13746413 13746413 13746413 13746413 13746413 5123695 5123695 5123695 5123695 13656996 13656996 13656996 13656996 13656996 15284326 15284326 15284326 15284326 15284326 15284326 15284326 15284326 15284326 15284326 15284326 15284326 15284326 15284326 15284326 15284326 15284326 15284326 15284326 15284326 15284326 15284326 15284326 15284326 15284326 15284326 15284326 15284326 15284326 13839961 13839961 13839961 13839961 13839961 13839961 13839961 13839961 11607626 11607626 11607626 11607626 11607626 -1 -1 -1 -1 13285349 13285349 13285349 13285349 -1 -1 -1 -1 -1 -1 -1 -1 -1 
-1 -1 -1 -1 6838698 6838698 6838698 6838698 9339334 9339334 9339334 9339334 9339334 8940208 8940208 8940208 8940208 16167148 16167148 16167148 16167148 16167148 15360156 15360156 15360156 15360156 15284326 15284326 15284326 15284326 15284326 15284326 15284326 15284326 15284326 15284326 15284326 15284326 15284326 15284326 15284326 15284326 15284326 15284326 15284326 15284326 15284326 15284326 15284326 15284326 15284326 13509705 13509705 13509705 13509705 12266067 12266067 12266067 12266067 13285349 13285349 13285349 13285349 13285349 13285349 13285349 13285349 13285349 7886499 7886499 7886499 7886499 6307726 6307726 6307726 6307726 -1 -1 -1 -1 -1 
-1 -1 -1 -1 6838698 6838698 6838698 6838698 9339334 9339334 9339334 9339334 9339334 8940208 8940208 8940208 8940208 16167148 16167148 16167148 16167148 16167148 15360156 15360156 15360156 15360156 15284326 15284326 15284326 15284326 15284326 15284326 15284326 15284326 15284326 15284326 15284326 15284326 15284326 15284326 15284326 15284326 15284326 15284326 15284326 15284326 15284326 15284326 15284326 15284326 15284326 13509705 13509705 13509705 13509705 12266067 12266067 12266067 12266067 13285349 13285349 13285349 13285349 13285349 13285349 13285349 13285349 13285349 7886499 7886499 7886499 7886499 6307726 6307726 6307726 6307726 -1 -1 -1 -1 -1 
-1 -1 -1 -1 6838698 6838698 6838698 6838698 9339334 9339334 9339334 9339334 9339334 8940208 8940208 8940208 8940208 16167148 16167148 16167148 16167148 16167148 15360156 15360156 15360156 15360156 15284326 15284326 15284326 15284326 15284326 15284326 15284326 15284326 15284326 15284326 15284326 15284326 15284326 15284326 15284326 15284326 15284326 15284326 15284326 15284326 15284326 15284326 15284326 15284326 15284326 13509705 13509705 13509705 13509705 12266067 12266067 12266067 12266067 13285349 13285349 13285349 13285349 13285349 13285349 13285349 13285349 13285349 7886499 7886499 7886499 7886499 6307726 6307726 6307726 6307726 -1 -1 -1 -1 -1 
-1 -1 -1 -1 6838698 6838698 6838698 6838698 9339334 9339334 9339334 9339334 9339334 8940208 8940208 8940208 8940208 16167148 16167148 16167148 16167148 16167148 15360156 15360156 15360156 15360156 15284326 15284326 15284326 15284326 15284326 15284326 15284326 15284326 15284326 15284326 15284326 15284326 15284326 15284326 15284326 15284326 15284326 15284326 15284326 15284326 15284326 15284326 15284326 15284326 15284326 13509705 13509705 13509705 13509705 12266067 12266067 12266067 12266067 13285349 13285349 13285349 13285349 13285349 13285349 13285349 13285349 13285349 7886499 7886499 7886499 7886499 6307726 6307726 6307726 6307726 -1 -1 -1 -1 -1 
13418477 13418477 13418477 13418477 8352689 8352689 8352689 8352689 14274673 14274673 14274673 14274673 14274673 11642063 11642063 11642063 11642063 8881856 8881856 8881856 8881856 8881856 13022967 13022967 13022967 13022967 13022967 13022967 13022967 13022967 13022967 13022967 13022967 13022967 13022967 13022967 13022967 13022967 13022967 13022967 13022967 13022967 13022967 13022967 13022967 13022967 13022967 13022967 13022967 13022967 13022967 13022967 13022967 13022967 13022967 13022967 13022967 13022967 13022967 7755701 7755701 7755701 7755701 7755701 7755701 7755701 7755701 7755701 13475681 13475681 13475681 13475681 9070005 9070005 9070005 9070005 7362985 7362985 7362985 7362985 7362985 
13418477 13418477 13418477 13418477 8352689 8352689 8352689 8352689 14274673 14274673 14274673 14274673 14274673 11642063 11642063 11642063 11642063 8881856 8881856 8881856 8881856 8881856 13022967 13022967 13022967 13022967 13022967 13022967 13022967 13022967 13022967 13022967 13022967 13022967 13022967 13022967 13022967 13022967 13022967 13022967 13022967 13022967 13022967 13022967 13022967 13022967 13022967 13022967 13022967 13022967 13022967 13022967 13022967 13022967 13022967 13022967 13022967 13022967 13022967 7755701 7755701 7755701 7755701 7755701 7755701 7755701 7755701 7755701 13475681 13475681 13475681 13475681 9070005 9070005 9070005 9070005 7362985 7362985 7362985 7362985 7362985 
13418477 13418477 13418477 13418477 8352689 8352689 8352689 8352689 14274673 14274673 14274673 14274673 14274673 11642063 11642063 11642063 11642063 8881856 8881856 8881856 8881856 8881856 13022967 13022967 13022967 13022967 13022967 13022967 13022967 13022967 13022967 13022967 13022967 13022967 13022967 13022967 13022967 13022967 13022967 13022967 13022967 13022967 13022967 13022967 13022967 13022967 13022967 13022967 13022967 13022967 13022967 13022967 13022967 13022967 13022967 13022967 13022967 13022967 13022967 7755701 7755701 7755701 7755701 7755701 7755701 7755701 7755701 7755701 13475681 13475681 13475681 13475681 9070005 9070005 9070005 9070005 7362985 7362985 7362985 7362985 7362985 
13418477 13418477 13418477 13418477 8352689 8352689 8352689 8352689 14274673 14274673 14274673 14274673 14274673 11642063 11642063 11642063 11642063 8881856 8881856 8881856 8881856 8881856 13022967 13022967 13022967 13022967 13022967 13022967 13022967 13022967 13022967 13022967 13022967 13022967 13022967 13022967 13022967 13022967 13022967 13022967 13022967 13022967 13022967 13022967 13022967 13022967 13022967 13022967 13022967 13022967 13022967 13022967 13022967 13022967 13022967 13022967 13022967 13022967 13022967 7755701 7755701 7755701 7755701 7755701 7755701 7755701 7755701 7755701 13475681 13475681 13475681 13475681 9070005 9070005 9070005 9070005 7362985 7362985 7362985 7362985 7362985 
13418477 13418477 13418477 13418477 8352689 8352689 8352689 8352689 14274673 14274673 14274673 14274673 14274673 11642063 11642063 11642063 11642063 10458837 10458837 10458837 9733841 9733841 9733841 9733841 8747962 8747962 8747962 8747962 7630005 7630005 7630005 7630005 8086205 8086205 8086205 8086205 8086205 8086205 8086205 8086205 7230137 7230137 7230137 7230137 8086208 8086208 8086208 8086208 7823796 7823796 7823796 7823796 7297721 7297721 7297721 7297721 8549067 8549067 8549067 8549067 8154822 8154822 8154822 8154822 9205952 9205952 9205952 9205952 7823786 7823786 7823786 7823786 6505885 6505885 6505885 6505885 -1 -1 -1 -1 -1 
-1 -1 -1 -1 13089510 13089510 13089510 13089510 11441612 11441612 11441612 11441612 11441612 11642063 11642063 11642063 11642063 10458837 10458837 10458837 9733841 9733841 9733841 9733841 8747962 8747962 8747962 8747962 7630005 7630005 7630005 7630005 8086205 8086205 8086205 8086205 8086205 8086205 8086205 8086205 7230137 7230137 7230137 7230137 8086208 8086208 8086208 8086208 7823796 7823796 7823796 7823796 7297721 7297721 7297721 7297721 8549067 8549067 8549067 8549067 8154822 8154822 8154822 8154822 9205952 9205952 9205952 9205952 7823786 7823786 7823786 7823786 6505885 6505885 6505885 6505885 -1 -1 -1 -1 -1 
-1 -1 -1 -1 13089510 13089510 13089510 13089510 11441612 11441612 11441612 11441612 11441612 11642063 11642063 11642063 11642063 10458837 10458837 10458837 9733841 9733841 9733841 9733841 8747962 8747962 8747962 8747962 7630005 7630005 7630005 7630005 8086205 8086205 8086205 8086205 8086205 8086205 8086205 8086205 7230137 7230137 7230137 7230137 8086208 8086208 8086208 8086208 7823796 7823796 7823796 7823796 7297721 7297721 7297721 7297721 8549067 8549067 8549067 8549067 8154822 8154822 8154822 8154822 9205952 9205952 9205952 9205952 7823786 7823786 7823786 7823786 6505885 6505885 6505885 6505885 -1 -1 -1 -1 -1 
-1 -1 -1 -1 13089510 13089510 13089510 13089510 11441612 11441612 11441612 11441612 11441612 11642063 11642063 11642063 11642063 10458837 10458837 10458837 9733841 9733841 9733841 9733841 8747962 8747962 8747962 8747962 7630005 7630005 7630005 7630005 8086205 8086205 8086205 8086205 8086205 8086205 8086205 8086205 7230137 7230137 7230137 7230137 8086208 8086208 8086208 8086208 7823796 7823796 7823796 7823796 7297721 7297721 7297721 7297721 8549067 8549067 8549067 8549067 8154822 8154822 8154822 8154822 9205952 9205952 9205952 9205952 7823786 7823786 7823786 7823786 6505885 6505885 6505885 6505885 -1 -1 -1 -1 -1 
-1 -1 -1 -1 13089510 13089510 13089510 13089510 11441612 11441612 11441612 11441612 11441612 11642063 11642063 11642063 11642063 11181261 11181261 11181261 11181261 14736478 14736478 14736478 14736478 14736478 14736478 11771878 11771878 11771878 11771878 11051993 11051993 11051993 11051993 11051993 11051993 11051993 11051993 11051993 11051993 11051993 11051993 11051993 11051993 11051993 11051993 9209273 9209273 9209273 9209273 9209273 8746168 8746168 8746168 8746168 8746168 8746168 13149511 13149511 13149511 13149511 13149511 13149511 7034280 7034280 7034280 7034280 -1 -1 -1 -1 -1 -1 -1 -1 -1 -1 -1 -1 -1 
-1 -1 -1 -1 -1 -1 -1 -1 -1 -1 -1 -1 -1 12891113 12891113 12891113 12891113 11181261 11181261 11181261 11181261 14736478 14736478 14736478 14736478 14736478 14736478 11771878 11771878 11771878 11771878 11051993 11051993 11051993 11051993 11051993 11051993 11051993 11051993 11051993 11051993 11051993 11051993 11051993 11051993 11051993 11051993 9209273 9209273 9209273 9209273 9209273 8746168 8746168 8746168 8746168 8746168 8746168 13149511 13149511 13149511 13149511 13149511 13149511 7034280 7034280 7034280 7034280 -1 -1 -1 -1 -1 -1 -1 -1 -1 -1 -1 -1 -1 
-1 -1 -1 -1 -1 -1 -1 -1 -1 -1 -1 -1 -1 12891113 12891113 12891113 12891113 11181261 11181261 11181261 11181261 14736478 14736478 14736478 14736478 14736478 14736478 11771878 11771878 11771878 11771878 11051993 11051993 11051993 11051993 11051993 11051993 11051993 11051993 11051993 11051993 11051993 11051993 11051993 11051993 11051993 11051993 9209273 9209273 9209273 9209273 9209273 8746168 8746168 8746168 8746168 8746168 8746168 13149511 13149511 13149511 13149511 13149511 13149511 7034280 7034280 7034280 7034280 -1 -1 -1 -1 -1 -1 -1 -1 -1 -1 -1 -1 -1 
-1 -1 -1 -1 -1 -1 -1 -1 -1 -1 -1 -1 -1 12891113 12891113 12891113 12891113 11181261 11181261 11181261 11181261 14736478 14736478 14736478 14736478 14736478 14736478 11771878 11771878 11771878 11771878 11051993 11051993 11051993 11051993 11051993 11051993 11051993 11051993 11051993 11051993 11051993 11051993 11051993 11051993 11051993 11051993 9209273 9209273 9209273 9209273 9209273 8746168 8746168 8746168 8746168 8746168 8746168 13149511 13149511 13149511 13149511 13149511 13149511 7034280 7034280 7034280 7034280 -1 -1 -1 -1 -1 -1 -1 -1 -1 -1 -1 -1 -1 
-1 -1 -1 -1 -1 -1 -1 -1 -1 -1 -1 -1 -1 12891113 12891113 12891113 12891113 11181261 11181261 11181261 11181261 14736478 14736478 14736478 14736478 14736478 14736478 11771878 11771878 11771878 11771878 10200017 10200017 10200017 10200017 10200017 10200017 14794589 14794589 14794589 14794589 14794589 14794589 8877754 8877754 8877754 8877754 9140159 9140159 9140159 9140159 9140159 7888051 7888051 7888051 7888051 7888051 7888051 13149511 13149511 13149511 13149511 13149511 13149511 7034280 7034280 7034280 7034280 -1 -1 -1 -1 -1 -1 -1 -1 -1 -1 -1 -1 -1 
-1 -1 -1 -1 -1 -1 -1 -1 -1 -1 -1 -1 -1 -1 -1 -1 -1 12827375 12827375 12827375 12827375 12827375 12827375 12827375 12827375 12827375 12827375 12827375 12827375 12827375 12827375 10200017 10200017 10200017 10200017 10200017 10200017 14794589 14794589 14794589 14794589 14794589 14794589 8877754 8877754 8877754 8877754 9140159 9140159 9140159 9140159 9140159 7888051 7888051 7888051 7888051 7888051 7888051 7888051 7888051 6439312 6439312 6439312 6439312 -1 -1 -1 -1 -1 -1 -1 -1 -1 -1 -1 -1 -1 -1 -1 -1 -1 
-1 -1 -1 -1 -1 -1 -1 -1 -1 -1 -1 -1 -1 -1 -1 -1 -1 12827375 12827375 12827375 12827375 12827375 12827375 12827375 12827375 12827375 12827375 12827375 12827375 12827375 12827375 10200017 10200017 10200017 10200017 10200017 10200017 14794589 14794589 14794589 14794589 14794589 14794589 8877754 8877754 8877754 8877754 9140159 9140159 9140159 9140159 9140159 7888051 7888051 7888051 7888051 7888051 7888051 7888051 7888051 6439312 6439312 6439312 6439312 -1 -1 -1 -1 -1 -1 -1 -1 -1 -1 -1 -1 -1 -1 -1 -1 -1 
-1 -1 -1 -1 -1 -1 -1 -1 -1 -1 -1 -1 -1 -1 -1 -1 -1 12827375 12827375 12827375 12827375 12827375 12827375 12827375 12827375 12827375 12827375 12827375 12827375 12827375 12827375 10200017 10200017 10200017 10200017 10200017 10200017 14794589 14794589 14794589 14794589 14794589 14794589 8877754 8877754 8877754 8877754 9140159 9140159 9140159 9140159 9140159 7888051 7888051 7888051 7888051 7888051 7888051 7888051 7888051 6439312 6439312 6439312 6439312 -1 -1 -1 -1 -1 -1 -1 -1 -1 -1 -1 -1 -1 -1 -1 -1 -1 
-1 -1 -1 -1 -1 -1 -1 -1 -1 -1 -1 -1 -1 -1 -1 -1 -1 12827375 12827375 12827375 12827375 12827375 12827375 12827375 12827375 12827375 12827375 12827375 12827375 12827375 12827375 10200017 10200017 10200017 10200017 10200017 10200017 14794589 14794589 14794589 14794589 14794589 14794589 8877754 8877754 8877754 8877754 9140159 9140159 9140159 9140159 9140159 7888051 7888051 7888051 7888051 7888051 7888051 7888051 7888051 6439312 6439312 6439312 6439312 -1 -1 -1 -1 -1 -1 -1 -1 -1 -1 -1 -1 -1 -1 -1 -1 -1 
-1 -1 -1 -1 -1 -1 -1 -1 -1 -1 -1 -1 -1 -1 -1 -1 -1 -1 -1 -1 -1 -1 -1 -1 -1 -1 -1 -1 -1 -1 12299744 12299744 12299744 12299744 12299744 12299744 12299744 9207986 9207986 9207986 9207986 9207986 9207986 7362996 7362996 7362996 7362996 7230907 7230907 7230907 7230907 7230907 5651356 5651356 5651356 5651356 -1 -1 -1 -1 -1 -1 -1 -1 -1 -1 -1 -1 -1 -1 -1 -1 -1 -1 -1 -1 -1 -1 -1 -1 -1 
-1 -1 -1 -1 -1 -1 -1 -1 -1 -1 -1 -1 -1 -1 -1 -1 -1 -1 -1 -1 -1 -1 -1 -1 -1 -1 -1 -1 -1 -1 12299744 12299744 12299744 12299744 12299744 12299744 12299744 9207986 9207986 9207986 9207986 9207986 9207986 7362996 7362996 7362996 7362996 7230907 7230907 7230907 7230907 7230907 5651356 5651356 5651356 5651356 -1 -1 -1 -1 -1 -1 -1 -1 -1 -1 -1 -1 -1 -1 -1 -1 -1 -1 -1 -1 -1 -1 -1 -1 -1 
-1 -1 -1 -1 -1 -1 -1 -1 -1 -1 -1 -1 -1 -1 -1 -1 -1 -1 -1 -1 -1 -1 -1 -1 -1 -1 -1 -1 -1 -1 12299744 12299744 12299744 12299744 12299744 12299744 12299744 9207986 9207986 9207986 9207986 9207986 9207986 7362996 7362996 7362996 7362996 7230907 7230907 7230907 7230907 7230907 5651356 5651356 5651356 5651356 -1 -1 -1 -1 -1 -1 -1 -1 -1 -1 -1 -1 -1 -1 -1 -1 -1 -1 -1 -1 -1 -1 -1 -1 -1 
-1 -1 -1 -1 -1 -1 -1 -1 -1 -1 -1 -1 -1 -1 -1 -1 -1 -1 -1 -1 -1 -1 -1 -1 -1 -1 -1 -1 -1 -1 12299744 12299744 12299744 12299744 12299744 12299744 12299744 9207986 9207986 9207986 9207986 9207986 9207986 7362996 7362996 7362996 7362996 7230907 7230907 7230907 7230907 7230907 5651356 5651356 5651356 5651356 -1 -1 -1 -1 -1 -1 -1 -1 -1 -1 -1 -1 -1 -1 -1 -1 -1 -1 -1 -1 -1 -1 -1 -1 -1 
