18 20
-1 -1 -1 -1 -1 -1 12565234 12565232 12565232 12565232 12565232 12565232 12565232 12499952 -1 -1 -1 -1 -1 -1 
-1 -1 -1 -1 12565234 12565234 -1 -1 -1 -1 -1 -1 -1 -1 12696804 12827877 -1 -1 -1 -1 
-1 -1 -1 13025516 16053494 -1 -1 -1 -1 -1 -1 -1 -1 -1 -1 -1 13156332 -1 -1 -1 
-1 -1 12565232 16777215 16441610 -1 -1 -1 112639 165084 164830 90829 -1 -1 -1 16506890 -1 12565232 -1 -1 
-1 -1 12499952 -1 15910415 14588174 47358 165084 165084 165084 165084 164830 165084 156109 16507144 15975695 -1 12565232 -1 -1 
-1 12565232 -1 -1 14718990 178431 165084 165084 16777215 16777215 16711679 165082 230362 165084 286927 14588176 -1 -1 12565232 -1 
-1 12565232 -1 -1 40191 99548 165084 16776959 16777215 16777215 16777215 16711677 230362 99289 165082 90575 -1 -1 12565232 -1 
-1 12565232 -1 -1 47101 165084 165084 16776959 3607107 3541827 3344962 16777215 230362 165084 165084 156109 -1 -1 12565232 -1 
-1 12565232 -1 -1 112639 165084 165084 16777215 16777215 16777215 16711679 16777215 230362 165084 165084 156109 -1 -1 12565232 -1 
-1 12565232 -1 -1 -1 47103 165084 99548 16777215 16777215 16777215 230364 230362 230364 156109 -1 -1 -1 12565232 -1 
-1 -1 12565232 -1 -1 112639 165084 165084 230364 165084 165084 230362 165084 165084 156109 -1 -1 12499439 -1 -1 
-1 -1 -1 12565232 -1 -1 112639 165084 165084 165084 165084 165084 165084 156109 -1 -1 12565232 -1 -1 -1 
-1 -1 -1 -1 12631279 -1 -1 46847 164830 165084 165084 164830 156109 -1 -1 12499439 -1 -1 -1 -1 
-1 -1 -1 12762097 8682947 12565232 12565234 12696304 12565232 12565232 12565232 12565232 12565234 12565232 12565232 6177173 6242966 -1 -1 -1 
-1 -1 12499439 11117523 11117523 11183316 11117523 11117523 11117523 11117523 11117523 11117523 10986707 8617154 8617154 8551618 7691200 6242964 -1 -1 
-1 7355026 5517683 8747972 11117523 11117523 11117523 11051730 8551618 7420819 5583478 11117523 11117523 11117523 8747970 7625665 6177173 5517683 4729446 -1 
7289742 5517685 4794981 4729701 8551359 11117523 11117523 8682947 7690947 7355026 4729701 8617154 8813763 7690947 7691200 6176918 5517430 7354513 5583223 4729701 
5517430 4729701 -1 -1 -1 -1 -1 -1 -1 7355026 4729701 -1 -1 -1 -1 -1 -1 -1 7355026 4729701 
