20 19
-1 -1 -1 -1 -1 -1 -1 -1 -1 -1 -1 -1 -1 -1 4729699 -1 -1 -1 -1 
-1 -1 -1 -1 -1 -1 -1 -1 -1 -1 -1 -1 -1 8682177 4795494 -1 -1 -1 -1 
-1 -1 -1 -1 -1 -1 -1 -1 -1 -1 -1 -1 8617154 8617154 5387126 -1 -1 -1 -1 
-1 -1 -1 -1 -1 5517685 7355026 -1 -1 -1 -1 8617154 8617154 8617154 7355283 -1 -1 -1 -1 
-1 -1 -1 -1 -1 5517685 5517685 7355026 -1 -1 7690945 7690945 7690945 7690945 5517430 -1 -1 -1 -1 
-1 -1 -1 -1 -1 4664165 5517685 5517683 7289490 -1 12565232 12565232 12565232 6111125 5582965 -1 -1 -1 -1 
-1 -1 -1 3671906 3671906 9111923 4729701 5517683 4729446 8551618 11117269 11117523 11117523 12565232 4795494 -1 -1 -1 -1 
-1 -1 3671906 9111925 15678055 15743333 16619366 4729701 7822531 7822531 8617154 8617154 11051476 11051730 12565232 12565232 12696302 -1 -1 
-1 3671906 9111925 15678053 16740961 16685159 8616900 8617154 11117523 11117523 11117523 12565232 8617154 11117269 11117523 11182801 11117523 12565232 -1 
3671906 9111925 15678053 16740961 16685159 16685159 11117523 11117523 11117523 7177679 9295329 11117523 12565232 8617154 11117523 7309265 9029598 10986707 12499439 
3934051 9111925 15678053 16740961 16685159 16685159 11117523 11117523 11117523 6190531 5661861 11117523 11117523 8617154 11117523 6256322 6190531 8551618 8617154 
-1 3671906 8915316 15480935 16740448 16750183 8879807 8419521 11117523 11117523 11117523 10985937 7625407 7625152 8551361 8551361 7559871 7559359 -1 
-1 -1 3671907 9111925 15678053 16740707 16685159 4664166 5653624 7690945 7690945 7690945 6177171 6177173 7690945 7690945 6177173 -1 -1 
-1 -1 -1 3671906 8980854 15743587 7355535 5582966 4532059 5653881 5653881 6177173 7625152 8682177 4860774 -1 -1 -1 -1 
-1 -1 -1 -1 -1 7355026 5517685 5517685 4729701 -1 7104675 8617154 8682947 6177173 5451890 -1 -1 -1 -1 
-1 -1 -1 -1 -1 5583223 5517685 4663908 -1 -1 7170468 8682947 7691200 7690945 5320821 -1 -1 -1 -1 
-1 -1 -1 -1 -1 4729701 4729701 -1 -1 -1 -1 8617154 8617154 8617154 7355283 -1 -1 -1 -1 
-1 -1 -1 -1 -1 -1 -1 -1 -1 -1 -1 -1 8617154 8682947 5452662 -1 -1 -1 -1 
-1 -1 -1 -1 -1 -1 -1 -1 -1 -1 -1 -1 -1 8617154 4795494 -1 -1 -1 -1 
-1 -1 -1 -1 -1 -1 -1 -1 -1 -1 -1 -1 -1 -1 4729446 -1 -1 -1 -1 
