20 19
-1 -1 -1 -1 -1 -1 -1 -1 -1 -1 -1 -1 -1 -1 16766250 -1 -1 -1 -1 
-1 -1 -1 -1 -1 -1 -1 -1 -1 -1 -1 -1 -1 16751360 16766250 -1 -1 -1 -1 
-1 -1 -1 -1 -1 -1 -1 -1 -1 -1 -1 -1 16751360 16751360 16766250 -1 -1 -1 -1 
-1 -1 -1 -1 -1 16728832 16749056 -1 -1 -1 -1 16751360 16751360 16751360 16766250 -1 -1 -1 -1 
-1 -1 -1 -1 -1 16728832 16728832 16749056 -1 -1 16740352 16740352 16740352 16740352 16766250 -1 -1 -1 -1 
-1 -1 -1 -1 -1 16763136 16728832 16728832 16749056 -1 15990528 15990528 15990528 16733440 16766250 -1 -1 -1 -1 
-1 -1 -1 3671906 3671906 9111923 16763136 16728832 16763136 16751360 16758272 16758272 16758272 15990528 16766250 -1 -1 -1 -1 
-1 -1 3671906 9111925 15678055 15743333 16619366 16763136 16740352 16740352 16751360 16751360 16758272 16758272 15990528 15990528 15990528 -1 -1 
-1 3671906 9111925 15678053 16740961 16685159 16751360 16751360 16252672 16252672 16252672 16765184 16751360 16758272 16758272 16758272 16758272 15990528 -1 
3671906 9111925 15678053 16740961 16685159 16685159 16252672 16252672 16252672 7177679 9295329 16252672 16765184 16751360 16758272 7309265 9029598 16758272 15990528 
3934051 9111925 15678053 16740961 16685159 16685159 16252672 16252672 16252672 6190531 5661861 16252672 16252672 16751360 16758272 6256322 6190531 16751360 16751360 
-1 3671906 8915316 15480935 16740448 16750183 16751360 16751360 16252672 16252672 16252672 16252672 16740352 16740352 16751360 16751360 16740352 16740352 -1 
-1 -1 3671907 9111925 15678053 16740707 16685159 16728832 16733440 16740352 16740352 16740352 16733440 16733440 16740352 16740352 16733440 -1 -1 
-1 -1 -1 3671906 8980854 15743587 16749056 16763136 16728832 16733440 16733440 16733440 16740352 16751360 16766250 -1 -1 -1 -1 
-1 -1 -1 -1 -1 16749056 16763136 16763136 16728832 -1 16763392 16751360 16751360 16733440 16766250 -1 -1 -1 -1 
-1 -1 -1 -1 -1 16763136 16763136 16728832 -1 -1 16763392 16751360 16740352 16740352 16766250 -1 -1 -1 -1 
-1 -1 -1 -1 -1 16728832 16728832 -1 -1 -1 -1 16751360 16751360 16751360 16766250 -1 -1 -1 -1 
-1 -1 -1 -1 -1 -1 -1 -1 -1 -1 -1 -1 16751360 16751360 16766250 -1 -1 -1 -1 
-1 -1 -1 -1 -1 -1 -1 -1 -1 -1 -1 -1 -1 16751360 16766250 -1 -1 -1 -1 
-1 -1 -1 -1 -1 -1 -1 -1 -1 -1 -1 -1 -1 -1 16766250 -1 -1 -1 -1 
