10 9
-1 -1 16754944 16754944 16754944 16754944 16754944 -1 -1 
-1 16754944 16711423 16711679 16711679 16711679 16711679 16754944 -1 
16754944 16317693 16776960 16776960 16776960 16776960 16776960 16383486 16754944 
16754944 16383486 16776960 16776960 16776960 16776960 16776960 16645887 16754944 
16754944 16383486 16776960 16776960 16776960 16776960 16776960 16645887 16754944 
16754944 16318206 16776960 16776960 16776960 16776960 16776960 16645887 16754944 
16754944 16383486 16776960 16776960 16776960 16776960 16776960 16711423 16754944 
-1 16754944 16383486 16776960 16776960 16776960 16383999 16754944 -1 
-1 -1 16754944 16383486 16383486 16383486 16754944 -1 -1 
-1 -1 -1 16754944 16754944 16754944 -1 -1 -1 
