15 15
-1 -1 -1 -1 16507403 16507403 16507403 16507403 16507403 16507403 16507403 -1 -1 -1 -1 
-1 -1 -1 -1 16507403 16507403 16507403 16507403 16507403 16507403 16507403 -1 -1 -1 -1 
-1 -1 16507403 16507403 16507403 16507403 16507403 16507403 16507403 16507403 16507403 16427784 16427784 -1 -1 
-1 -1 16507403 16507403 15976208 15976208 15976208 15976208 15976208 15976208 15519808 16427784 16427784 -1 -1 
16772359 16641800 15976208 15976208 15976208 15976208 14653966 14653966 14653966 15976208 15976208 15976208 16503567 16428295 16428295 
16243721 16375305 15976208 15976208 15976208 15976208 14653966 14653966 14653966 15976208 15976208 15976208 16174351 16428295 16428295 
16375307 16506890 15976208 15976208 14522894 14522894 15647760 15647760 15647760 14653966 14653966 15976208 16174351 16428295 16428295 
16375307 16506890 15976208 15976208 14522894 14522894 15647760 15647760 15647760 14653966 14653966 15976208 16174351 16428295 16428295 
16375307 16506890 15976208 15976208 14522894 14522894 15647760 15647760 15647760 14653966 14653966 15976208 16174351 16428295 16428295 
16375307 16507144 15976208 15976208 15976208 15976208 14653966 14653966 14653966 15976208 15976208 15976208 16043789 16428295 16428295 
16776961 16776964 15976208 15976208 15976208 15976208 14653966 14653966 14653966 15976208 15976208 16043278 16307984 16428295 16428295 
-1 -1 16772359 16441097 15976208 15976208 15976208 15976208 15976208 15976208 16109069 14654477 16758020 -1 -1 
-1 -1 16774405 16770823 15976208 15976208 15976208 15976208 15976208 15976208 16371216 15113740 16758788 -1 -1 
-1 -1 -1 -1 16635656 15976208 15976208 15976208 15712270 14587408 16494597 -1 -1 -1 -1 
-1 -1 -1 -1 16701962 15976208 15976208 15976208 16040719 14654220 16691716 -1 -1 -1 -1 
