120 120
-1 -1 -1 -1 -1 -1 -1 -1 -1 -1 -1 -1 -1 -1 -1 -1 -1 -1 -1 -1 -1 -1 -1 -1 -1 -1 -1 -1 -1 -1 -1 -1 -1 -1 -1 -1 -1 -1 -1 -1 -1 -1 -1 -1 -1 -1 1854562 1854562 1854562 1854562 1854562 1854562 1854562 1854562 1854562 1854562 1854562 1854562 1854562 1854562 1854562 1854562 1854562 1854562 1854562 1854562 1854562 1854562 1854562 1854562 1854562 1854562 1854562 1854562 1854562 -1 -1 -1 -1 -1 -1 -1 -1 -1 -1 -1 -1 -1 -1 -1 -1 -1 -1 -1 -1 -1 -1 -1 -1 -1 -1 -1 -1 -1 -1 -1 -1 -1 -1 -1 -1 -1 -1 -1 -1 -1 -1 -1 -1 -1 
-1 -1 -1 -1 -1 -1 -1 -1 -1 -1 -1 -1 -1 -1 -1 -1 -1 -1 -1 -1 -1 -1 -1 -1 -1 -1 -1 -1 -1 -1 -1 -1 -1 -1 -1 -1 -1 -1 -1 -1 -1 -1 -1 -1 -1 -1 1854562 1854562 1854562 1854562 1854562 1854562 1854562 1854562 1854562 1854562 1854562 1854562 1854562 1854562 1854562 1854562 1854562 1854562 1854562 1854562 1854562 1854562 1854562 1854562 1854562 1854562 1854562 1854562 1854562 -1 -1 -1 -1 -1 -1 -1 -1 -1 -1 -1 -1 -1 -1 -1 -1 -1 -1 -1 -1 -1 -1 -1 -1 -1 -1 -1 -1 -1 -1 -1 -1 -1 -1 -1 -1 -1 -1 -1 -1 -1 -1 -1 -1 -1 
-1 -1 -1 -1 -1 -1 -1 -1 -1 -1 -1 -1 -1 -1 -1 -1 -1 -1 -1 -1 -1 -1 -1 -1 -1 -1 -1 -1 -1 -1 -1 -1 -1 -1 -1 -1 -1 -1 -1 -1 -1 -1 -1 -1 -1 -1 1854562 1854562 1854562 1854562 1854562 1854562 1854562 1854562 1854562 1854562 1854562 1854562 1854562 1854562 1854562 1854562 1854562 1854562 1854562 1854562 1854562 1854562 1854562 1854562 1854562 1854562 1854562 1854562 1854562 -1 -1 -1 -1 -1 -1 -1 -1 -1 -1 -1 -1 -1 -1 -1 -1 -1 -1 -1 -1 -1 -1 -1 -1 -1 -1 -1 -1 -1 -1 -1 -1 -1 -1 -1 -1 -1 -1 -1 -1 -1 -1 -1 -1 -1 
-1 -1 -1 -1 -1 -1 -1 -1 -1 -1 -1 -1 -1 -1 -1 -1 -1 -1 -1 -1 -1 -1 -1 -1 -1 -1 -1 -1 -1 -1 -1 -1 -1 -1 -1 -1 -1 -1 -1 -1 -1 -1 -1 -1 -1 -1 1854562 1854562 1854562 1854562 1854562 1854562 1854562 1854562 1854562 1854562 1854562 1854562 1854562 1854562 1854562 1854562 1854562 1854562 1854562 1854562 1854562 1854562 1854562 1854562 1854562 1854562 1854562 1854562 1854562 -1 -1 -1 -1 -1 -1 -1 -1 -1 -1 -1 -1 -1 -1 -1 -1 -1 -1 -1 -1 -1 -1 -1 -1 -1 -1 -1 -1 -1 -1 -1 -1 -1 -1 -1 -1 -1 -1 -1 -1 -1 -1 -1 -1 -1 
-1 -1 -1 -1 -1 -1 -1 -1 -1 -1 -1 -1 -1 -1 -1 -1 -1 -1 -1 -1 -1 -1 -1 -1 -1 -1 -1 -1 -1 -1 -1 -1 -1 -1 -1 -1 -1 1854562 1854562 1854562 1854562 1854562 1854562 1854562 1854562 1854562 589824 589824 589824 589824 589824 589824 589824 589824 589824 589824 589824 589824 589824 589824 589824 589824 589824 589824 589824 589824 589824 589824 589824 589824 589824 589824 589824 589824 589824 1854562 1854562 1854562 1854562 1854562 1854562 1854562 1854562 -1 -1 -1 -1 -1 -1 -1 -1 -1 -1 -1 -1 -1 -1 -1 -1 -1 -1 -1 -1 -1 -1 -1 -1 -1 -1 -1 -1 -1 -1 -1 -1 -1 -1 -1 -1 -1 
-1 -1 -1 -1 -1 -1 -1 -1 -1 -1 -1 -1 -1 -1 -1 -1 -1 -1 -1 -1 -1 -1 -1 -1 -1 -1 -1 -1 -1 -1 -1 -1 -1 -1 -1 -1 -1 1854562 1854562 1854562 1854562 1854562 1854562 1854562 1854562 1854562 589824 589824 589824 589824 589824 589824 589824 589824 589824 589824 589824 589824 589824 589824 589824 589824 589824 589824 589824 589824 589824 589824 589824 589824 589824 589824 589824 589824 589824 1854562 1854562 1854562 1854562 1854562 1854562 1854562 1854562 -1 -1 -1 -1 -1 -1 -1 -1 -1 -1 -1 -1 -1 -1 -1 -1 -1 -1 -1 -1 -1 -1 -1 -1 -1 -1 -1 -1 -1 -1 -1 -1 -1 -1 -1 -1 -1 
-1 -1 -1 -1 -1 -1 -1 -1 -1 -1 -1 -1 -1 -1 -1 -1 -1 -1 -1 -1 -1 -1 -1 -1 -1 -1 -1 -1 -1 -1 -1 -1 -1 -1 -1 -1 -1 1854562 1854562 1854562 1854562 1854562 1854562 1854562 1854562 1854562 589824 589824 589824 589824 589824 589824 589824 589824 589824 589824 589824 589824 589824 589824 589824 589824 589824 589824 589824 589824 589824 589824 589824 589824 589824 589824 589824 589824 589824 1854562 1854562 1854562 1854562 1854562 1854562 1854562 1854562 -1 -1 -1 -1 -1 -1 -1 -1 -1 -1 -1 -1 -1 -1 -1 -1 -1 -1 -1 -1 -1 -1 -1 -1 -1 -1 -1 -1 -1 -1 -1 -1 -1 -1 -1 -1 -1 
-1 -1 -1 -1 -1 -1 -1 -1 -1 -1 -1 -1 -1 -1 -1 -1 -1 -1 -1 -1 -1 -1 -1 -1 -1 -1 -1 -1 -1 -1 -1 -1 -1 -1 -1 -1 -1 1854562 1854562 1854562 1854562 1854562 1854562 1854562 1854562 1854562 589824 589824 589824 589824 589824 589824 589824 589824 589824 589824 589824 589824 589824 589824 589824 589824 589824 589824 589824 589824 589824 589824 589824 589824 589824 589824 589824 589824 589824 1854562 1854562 1854562 1854562 1854562 1854562 1854562 1854562 -1 -1 -1 -1 -1 -1 -1 -1 -1 -1 -1 -1 -1 -1 -1 -1 -1 -1 -1 -1 -1 -1 -1 -1 -1 -1 -1 -1 -1 -1 -1 -1 -1 -1 -1 -1 -1 
-1 -1 -1 -1 -1 -1 -1 -1 -1 -1 -1 -1 -1 -1 -1 -1 -1 -1 -1 -1 -1 -1 -1 -1 -1 -1 -1 -1 -1 1854562 1854562 1854562 1854562 1854562 1854562 1854562 1854562 589824 589824 589824 589824 589824 589824 589824 589824 589824 351308 351308 351308 351308 351308 351308 351308 351308 351308 351308 351308 351308 351308 351308 351308 351308 351308 351308 351308 351308 351308 351308 351308 351308 351308 351308 351308 351308 351308 589824 589824 589824 589824 589824 589824 589824 589824 1854562 1854562 1854562 1854562 1854562 1854562 1854562 1854562 -1 -1 -1 -1 -1 -1 -1 -1 -1 -1 -1 -1 -1 -1 -1 -1 -1 -1 -1 -1 -1 -1 -1 -1 -1 -1 -1 -1 -1 
-1 -1 -1 -1 -1 -1 -1 -1 -1 -1 -1 -1 -1 -1 -1 -1 -1 -1 -1 -1 -1 -1 -1 -1 -1 -1 -1 -1 -1 1854562 1854562 1854562 1854562 1854562 1854562 1854562 1854562 589824 589824 589824 589824 589824 589824 589824 589824 589824 351308 4977625 4977625 4977625 4977625 4977625 4977625 4977625 4977625 4977625 4977625 4977625 4977625 4977625 4977625 4977625 4977625 4977625 4977625 4977625 4977625 4977625 4977625 4977625 4977625 4977625 4977625 4977625 351308 589824 589824 589824 589824 589824 589824 589824 589824 1854562 1854562 1854562 1854562 1854562 1854562 1854562 1854562 -1 -1 -1 -1 -1 -1 -1 -1 -1 -1 -1 -1 -1 -1 -1 -1 -1 -1 -1 -1 -1 -1 -1 -1 -1 -1 -1 -1 -1 
-1 -1 -1 -1 -1 -1 -1 -1 -1 -1 -1 -1 -1 -1 -1 -1 -1 -1 -1 -1 -1 -1 -1 -1 -1 -1 -1 -1 -1 1854562 1854562 1854562 1854562 1854562 1854562 1854562 1854562 589824 589824 589824 589824 589824 589824 589824 589824 589824 351308 4977625 4977625 4977625 4977625 4977625 4977625 4977625 4977625 4977625 4977625 4977625 4977625 4977625 4977625 4977625 4977625 4977625 4977625 4977625 4977625 4977625 4977625 4977625 4977625 4977625 4977625 4977625 351308 589824 589824 589824 589824 589824 589824 589824 589824 1854562 1854562 1854562 1854562 1854562 1854562 1854562 1854562 -1 -1 -1 -1 -1 -1 -1 -1 -1 -1 -1 -1 -1 -1 -1 -1 -1 -1 -1 -1 -1 -1 -1 -1 -1 -1 -1 -1 -1 
-1 -1 -1 -1 -1 -1 -1 -1 -1 -1 -1 -1 -1 -1 -1 -1 -1 -1 -1 -1 -1 -1 -1 -1 -1 -1 -1 -1 -1 1854562 1854562 1854562 1854562 1854562 1854562 1854562 1854562 589824 589824 589824 589824 589824 589824 589824 589824 589824 351308 4977625 4977625 4977625 4977625 4977625 4977625 4977625 4977625 4977625 4977625 4977625 4977625 4977625 4977625 4977625 4977625 4977625 4977625 4977625 4977625 4977625 4977625 4977625 4977625 4977625 4977625 4977625 351308 589824 589824 589824 589824 589824 589824 589824 589824 1854562 1854562 1854562 1854562 1854562 1854562 1854562 1854562 -1 -1 -1 -1 -1 -1 -1 -1 -1 -1 -1 -1 -1 -1 -1 -1 -1 -1 -1 -1 -1 -1 -1 -1 -1 -1 -1 -1 -1 
-1 -1 -1 -1 -1 -1 -1 -1 -1 -1 -1 -1 -1 -1 -1 -1 -1 -1 -1 -1 -1 -1 -1 -1 -1 1854562 1854562 1854562 1854562 589824 589824 589824 589824 589824 589824 589824 589824 351308 351308 351308 351308 351308 351308 351308 351308 351308 351308 4977625 4977625 4977625 4977625 4977625 4977625 4977625 4977625 4977625 4977625 4977625 4977625 4977625 4977625 4977625 4977625 4977625 4977625 4977625 4908521 4908521 4908521 4908521 4908521 4908521 4908521 4908521 351308 351308 351308 351308 351308 351308 351308 351308 351308 589824 589824 589824 589824 589824 589824 589824 589824 1854562 1854562 1854562 1854562 -1 -1 -1 -1 -1 -1 -1 -1 -1 -1 -1 -1 -1 -1 -1 -1 -1 -1 -1 -1 -1 -1 -1 -1 -1 
-1 -1 -1 -1 -1 -1 -1 -1 -1 -1 -1 -1 -1 -1 -1 -1 -1 -1 -1 -1 -1 -1 -1 -1 -1 1854562 1854562 1854562 1854562 589824 589824 589824 589824 589824 589824 589824 589824 351308 4977625 4977625 4977625 4977625 4977625 4977625 4977625 4977625 4977625 4977625 4977625 4977625 4977625 4977625 4977625 4977625 4977625 4977625 4977625 4977625 4977625 4977625 4977625 4977625 4977625 4977625 4977625 4977625 4908521 4579303 4579303 4579303 4579303 4579303 4579303 4579303 4908521 4977625 4977625 4977625 4977625 4977625 4977625 4977625 4977625 589824 589824 589824 589824 589824 589824 589824 589824 1854562 1854562 1854562 1854562 -1 -1 -1 -1 -1 -1 -1 -1 -1 -1 -1 -1 -1 -1 -1 -1 -1 -1 -1 -1 -1 -1 -1 -1 -1 
-1 -1 -1 -1 -1 -1 -1 -1 -1 -1 -1 -1 -1 -1 -1 -1 -1 -1 -1 -1 -1 -1 -1 -1 -1 1854562 1854562 1854562 1854562 589824 589824 589824 589824 589824 589824 589824 589824 351308 4977625 4977625 4977625 4977625 4977625 4977625 4977625 4977625 4977625 4977625 4977625 4977625 4977625 4977625 4977625 4977625 4977625 4977625 4977625 4977625 4977625 4977625 4977625 4977625 4977625 4977625 4977625 4977625 4908521 4579303 4839931 4839931 4839931 4839931 4839931 4579303 4908521 4977625 4977625 4977625 4977625 4977625 4977625 4977625 4977625 589824 589824 589824 589824 589824 589824 589824 589824 1854562 1854562 1854562 1854562 -1 -1 -1 -1 -1 -1 -1 -1 -1 -1 -1 -1 -1 -1 -1 -1 -1 -1 -1 -1 -1 -1 -1 -1 -1 
-1 -1 -1 -1 -1 -1 -1 -1 -1 -1 -1 -1 -1 -1 -1 -1 -1 -1 -1 -1 -1 -1 -1 -1 -1 1854562 1854562 1854562 1854562 589824 589824 589824 589824 589824 589824 589824 589824 351308 4977625 4977625 4977625 4977625 4977625 4977625 4977625 4977625 4977625 4977625 4977625 4977625 4977625 4977625 4977625 4977625 4977625 4977625 4977625 4977625 4977625 4977625 4977625 4977625 4977625 4977625 4977625 4977625 4908521 4579303 4839931 4839931 4839931 4839931 4839931 4579303 4908521 4977625 4977625 4977625 4977625 4977625 4977625 4977625 4977625 589824 589824 589824 589824 589824 589824 589824 589824 1854562 1854562 1854562 1854562 -1 -1 -1 -1 -1 -1 -1 -1 -1 -1 -1 -1 -1 -1 -1 -1 -1 -1 -1 -1 -1 -1 -1 -1 -1 
-1 -1 -1 -1 -1 -1 -1 -1 -1 -1 -1 -1 -1 -1 -1 -1 -1 -1 -1 -1 -1 1854562 1854562 1854562 1854562 589824 589824 589824 589824 351308 351308 351308 351308 351308 351308 351308 351308 351308 4977625 4977625 4977625 4977625 4977625 4977625 4977625 4977625 4977625 4977625 4977625 4977625 4977625 4977625 4977625 4977625 4977625 4977625 4977625 4977625 4977625 4977625 4977625 4977625 4977625 4977625 4977625 4977625 4908521 4579303 4839931 4839931 4839931 4839931 4839931 4579303 4908521 4977625 4977625 4977625 4977625 4977625 4977625 4977625 4977625 351308 351308 351308 351308 351308 351308 351308 351308 589824 589824 589824 589824 1854562 1854562 1854562 1854562 -1 -1 -1 -1 -1 -1 -1 -1 -1 -1 -1 -1 -1 -1 -1 -1 -1 -1 -1 -1 -1 
-1 -1 -1 -1 -1 -1 -1 -1 -1 -1 -1 -1 -1 -1 -1 -1 -1 -1 -1 -1 -1 1854562 1854562 1854562 1854562 589824 589824 589824 589824 351308 4977625 4977625 4977625 4977625 4977625 4977625 4977625 4977625 4977625 4977625 4977625 4977625 5101815 5101815 5101815 5101815 5101815 5101815 5101815 5101815 5101815 5101815 5101815 5101815 4977625 4977625 4977625 4977625 4977625 4977625 4977625 4977625 4977625 4977625 4977625 4977625 4908521 4579303 4839931 4839931 4839931 4839931 4839931 4579303 4908521 4977625 4977625 4977625 4977625 4977625 4977625 4977625 4977625 4977625 4977625 4977625 4977625 4977625 4977625 4977625 6610893 589824 589824 589824 589824 1854562 1854562 1854562 1854562 -1 -1 -1 -1 -1 -1 -1 -1 -1 -1 -1 -1 -1 -1 -1 -1 -1 -1 -1 -1 -1 
-1 -1 -1 -1 -1 -1 -1 -1 -1 -1 -1 -1 -1 -1 -1 -1 -1 -1 -1 -1 -1 1854562 1854562 1854562 1854562 589824 589824 589824 589824 351308 4977625 4977625 4977625 4977625 4977625 4977625 4977625 4977625 4977625 4977625 4977625 4977625 5101815 5101815 5101815 5101815 5101815 5101815 5101815 5101815 5101815 5101815 5101815 5101815 4977625 4977625 4977625 4977625 4977625 4977625 4977625 4977625 4977625 4977625 4977625 4977625 4908521 4579303 4839931 4839931 4839931 4839931 4839931 4579303 4908521 4977625 4977625 4977625 4977625 4977625 4977625 4977625 4977625 4977625 4977625 4977625 4977625 4977625 4977625 4977625 6610893 589824 589824 589824 589824 1854562 1854562 1854562 1854562 -1 -1 -1 -1 -1 -1 -1 -1 -1 -1 -1 -1 -1 -1 -1 -1 -1 -1 -1 -1 -1 
-1 -1 -1 -1 -1 -1 -1 -1 -1 -1 -1 -1 -1 -1 -1 -1 -1 -1 -1 -1 -1 1854562 1854562 1854562 1854562 589824 589824 589824 589824 351308 4977625 4977625 4977625 4977625 4977625 4977625 4977625 4977625 4977625 4977625 4977625 4977625 5101815 5101815 5101815 5101815 5101815 5101815 5101815 5101815 5101815 5101815 5101815 5101815 4977625 4977625 4977625 4977625 4977625 4977625 4977625 4977625 4977625 4977625 4977625 4977625 4908521 4579303 4579303 4579303 4579303 4579303 4579303 4579303 4908521 4977625 4977625 4977625 4977625 4977625 4977625 4977625 4977625 4977625 4977625 4977625 4977625 4977625 4977625 4977625 6610893 589824 589824 589824 589824 1854562 1854562 1854562 1854562 -1 -1 -1 -1 -1 -1 -1 -1 -1 -1 -1 -1 -1 -1 -1 -1 -1 -1 -1 -1 -1 
-1 -1 -1 -1 -1 -1 -1 -1 -1 -1 -1 -1 -1 -1 -1 -1 1854562 1854562 1854562 1854562 1854562 589824 589824 589824 589824 351308 351308 351308 351308 351308 4977625 4977625 4977625 4977625 4977625 4977625 4977625 4977625 4977625 4977625 4977625 4977625 5101815 5101815 5101815 5101815 5101815 5101815 5101815 5101815 5101815 5101815 5101815 5101815 4977625 4977625 4977625 4977625 4977625 4977625 4977625 4977625 4977625 4977625 4977625 4977625 4908521 4908521 4908521 4908521 4908521 4908521 4908521 4908521 4908521 4977625 4977625 4977625 4977625 4977625 4977625 4977625 4977625 4977625 4977625 4977625 4977625 4977625 4977625 4977625 6610893 589824 589824 589824 589824 1854562 1854562 1854562 1854562 -1 -1 -1 -1 -1 -1 -1 -1 -1 -1 -1 -1 -1 -1 -1 -1 -1 -1 -1 -1 -1 
-1 -1 -1 -1 -1 -1 -1 -1 -1 -1 -1 -1 -1 -1 -1 -1 1854562 1854562 1854562 1854562 1854562 589824 589824 589824 589824 351308 4977625 4977625 4977625 4977625 4977625 4977625 4977625 4977625 4977625 4977625 4977625 5101815 5101815 5101815 5101815 4116460 3393242 3393242 3393242 3393242 3393242 3393242 3393242 3393242 3393242 3393242 3393242 3393242 5101815 5101815 5101815 5101815 5105387 4977625 4977625 4977625 4977625 4977625 4977625 4977625 4977625 4977625 4977625 4977625 4977625 4977625 4977625 4977625 4977625 4977625 4977625 4977625 4977625 4977625 4977625 4977625 4977625 4977625 4977625 4977625 4977625 4977625 4977625 4977625 6610893 6610893 6610893 6610893 6610893 589824 589824 589824 589824 1854562 1854562 1854562 1854562 1854562 -1 -1 -1 -1 -1 -1 -1 -1 -1 -1 -1 -1 -1 -1 -1 -1 
-1 -1 -1 -1 -1 -1 -1 -1 -1 -1 -1 -1 -1 -1 -1 -1 1854562 1854562 1854562 1854562 1854562 589824 589824 589824 589824 351308 4977625 4977625 4977625 4977625 4977625 4977625 4977625 4977625 4977625 4977625 4977625 5101815 5101815 5101815 5101815 4116460 3393242 3393242 3393242 3393242 3393242 3393242 3393242 3393242 3393242 3393242 3393242 3393242 5101815 5101815 5101815 5101815 5105387 4977625 4977625 4977625 4977625 4977625 4977625 4977625 4977625 4977625 4977625 4977625 4977625 4977625 4977625 4977625 4977625 4977625 4977625 4977625 4977625 4977625 4977625 4977625 4977625 4977625 4977625 4977625 4977625 4977625 4977625 4977625 4977625 4977625 4977625 4977625 6610893 589824 589824 589824 589824 1854562 1854562 1854562 1854562 1854562 -1 -1 -1 -1 -1 -1 -1 -1 -1 -1 -1 -1 -1 -1 -1 -1 
-1 -1 -1 -1 -1 -1 -1 -1 -1 -1 -1 -1 -1 -1 -1 -1 1854562 1854562 1854562 1854562 1854562 589824 589824 589824 589824 351308 4977625 4977625 4977625 4977625 4977625 4977625 4977625 4977625 4977625 4977625 4977625 5101815 5101815 5101815 5101815 4116460 3393242 3393242 3393242 3393242 3393242 3393242 3393242 3393242 3393242 3393242 3393242 3393242 5101815 5101815 5101815 5101815 5105387 4977625 4977625 4977625 4977625 4977625 4977625 4977625 4977625 4977625 4977625 4977625 4977625 4977625 4977625 4977625 4977625 4977625 4977625 4977625 4977625 4977625 4977625 4977625 4977625 4977625 4977625 4977625 4977625 4977625 4977625 4977625 4977625 4977625 4977625 4977625 6610893 589824 589824 589824 589824 1854562 1854562 1854562 1854562 1854562 -1 -1 -1 -1 -1 -1 -1 -1 -1 -1 -1 -1 -1 -1 -1 -1 
-1 -1 -1 -1 -1 -1 -1 -1 -1 -1 -1 -1 -1 -1 -1 -1 1854562 1854562 1854562 1854562 1854562 589824 589824 589824 589824 351308 4977625 4977625 4977625 4977625 4977625 4977625 4977625 4977625 4977625 4977625 4977625 5101815 5101815 5101815 5101815 4116460 3393242 3393242 3393242 3393242 3393242 3393242 3393242 3393242 3393242 3393242 3393242 3393242 5101815 5101815 5101815 5101815 5105387 4977625 4977625 4977625 4977625 4977625 4977625 4977625 4977625 4977625 4977625 4977625 4977625 4977625 4977625 4977625 4977625 4977625 4977625 4977625 4977625 4977625 4977625 4977625 4977625 4977625 4977625 4977625 4977625 4977625 4977625 4977625 4977625 4977625 4977625 4977625 6610893 589824 589824 589824 589824 1854562 1854562 1854562 1854562 1854562 -1 -1 -1 -1 -1 -1 -1 -1 -1 -1 -1 -1 -1 -1 -1 -1 
-1 -1 -1 -1 -1 -1 -1 -1 -1 -1 -1 -1 1854562 1854562 1854562 1854562 589824 589824 589824 589824 589824 351308 351308 351308 351308 351308 4977625 4977625 4977625 4977625 4977625 4977625 4977625 4977625 4977625 4977625 4977625 5101815 5101815 5101815 5101815 4116460 3393242 3393242 3393242 3393242 3458522 3393242 3393242 3393242 3393242 3393242 3393242 3393242 5101815 5101815 5101815 5101815 5105387 4977625 4977625 4977625 4977625 4977625 4977625 4977625 4977625 4977625 4977625 4977625 4977625 4977625 4977625 4977625 4977625 4977625 4977625 5039854 4579043 4579043 4579043 4579043 4579043 4579043 4579043 4579043 4579043 4579043 4579043 4579043 4579043 4977625 4977625 4977625 6610893 6610893 6610893 6610893 6610893 589824 589824 589824 589824 589824 1854562 1854562 1854562 1854562 -1 -1 -1 -1 -1 -1 -1 -1 -1 -1 -1 -1 
-1 -1 -1 -1 -1 -1 -1 -1 -1 -1 -1 -1 1854562 1854562 1854562 1854562 589824 589824 589824 589824 589824 351308 4977625 4977625 4977625 4977625 4977625 4977625 4977625 4977625 4977625 4977625 4977625 4977625 4977625 4977625 4977625 5101815 5101815 5101815 5101815 4116460 3393242 3393242 3393242 3393242 3262172 3393242 3393242 3393242 3393242 3393242 3393242 3393242 5101815 5101815 5101815 5101815 5105387 4977625 4977625 4977625 4977625 4977625 4977625 4977625 4977625 4977625 4977625 4977625 4977625 4977625 4977625 4977625 4977625 4977625 4977625 5039854 4577779 4577779 4577779 4577779 4577779 4577779 4577779 4577779 4577779 4577779 4577779 4577779 4579043 4977625 4977625 4977625 4977625 4977625 4977625 4977625 6610893 589824 589824 589824 589824 589824 1854562 1854562 1854562 1854562 -1 -1 -1 -1 -1 -1 -1 -1 -1 -1 -1 -1 
-1 -1 -1 -1 -1 -1 -1 -1 -1 -1 -1 -1 1854562 1854562 1854562 1854562 589824 589824 589824 589824 589824 351308 4977625 4977625 4977625 4977625 4977625 4977625 4977625 4977625 4977625 4977625 4977625 4977625 4977625 4977625 4977625 5101815 5101815 5101815 5101815 4116460 3393242 3393242 3393242 3393242 3196892 3393242 3393242 3393242 3393242 3393242 3393242 3393242 5101815 5101815 5101815 5101815 5105387 4977625 4977625 4977625 4977625 4977625 4977625 4977625 4977625 4977625 4977625 4977625 4977625 4977625 4977625 4977625 4977625 4977625 4977625 5039854 4577779 4577779 4577779 4577779 4577779 4577779 4577779 4577779 4577779 4577779 4577779 4577779 4579043 4977625 4977625 4977625 4977625 4977625 4977625 4977625 6610893 589824 589824 589824 589824 589824 1854562 1854562 1854562 1854562 -1 -1 -1 -1 -1 -1 -1 -1 -1 -1 -1 -1 
-1 -1 -1 -1 -1 -1 -1 -1 -1 -1 -1 -1 1854562 1854562 1854562 1854562 589824 589824 589824 589824 589824 351308 4977625 4977625 4977625 4977625 4977625 4977625 4977625 4977625 4977625 4977625 4977625 4977625 4977625 4977625 4977625 5101815 5101815 5101815 5101815 4116460 3393242 3393242 3393242 3393242 3262172 3393242 3393242 3393242 3393242 3393242 3393242 3393242 5101815 5101815 5101815 5101815 5105387 4977625 4977625 4977625 4977625 4977625 4977625 4977625 4977625 4977625 4977625 4977625 4977625 4977625 4977625 4977625 4977625 4977625 4977625 5039854 4577779 4577779 4577779 4577779 4577779 4577779 4577779 4577779 4577779 4577779 4577779 4577779 4579043 4977625 4977625 4977625 4977625 4977625 4977625 4977625 6610893 589824 589824 589824 589824 589824 1854562 1854562 1854562 1854562 -1 -1 -1 -1 -1 -1 -1 -1 -1 -1 -1 -1 
-1 -1 -1 -1 -1 -1 -1 -1 1854562 1854562 1854562 1854562 589824 589824 589824 589824 351308 351308 351308 351308 351308 351308 4977625 4977625 4977625 4977625 4977625 4977625 4977625 4977625 4977625 4977625 4977625 4977625 4977625 4977625 4977625 5101815 5101815 5101815 5101815 4116460 4116460 4116460 4116460 3393242 3393242 3393242 3393242 3393242 3393242 3393242 3393242 3393242 5101815 5101815 5101815 5101815 5105387 4977625 4977625 4977625 4977625 4977625 4977625 4977625 4977625 4977625 4977625 4977625 4977625 4977625 4977625 4977625 5039854 5039854 5039854 5039854 3591650 3591650 3591650 3591650 3591650 3591650 3591650 3591650 3591650 3591650 4577779 4577779 4579043 4579043 4579043 4579043 4579043 4579043 4977625 4977625 6610893 6610893 6610893 6610893 6610893 6610893 589824 589824 589824 589824 1854562 1854562 1854562 1854562 -1 -1 -1 -1 -1 -1 -1 -1 
-1 -1 -1 -1 -1 -1 -1 -1 1854562 1854562 1854562 1854562 589824 589824 589824 589824 351308 4977625 4977625 4977625 4977625 4977625 4977625 4977625 4977625 4977625 4977625 4977625 4977625 4977625 4977625 4977625 4977625 4977625 4977625 4977625 4977625 5101815 5101815 5101815 5101815 5101815 5101815 5101815 5101815 3393242 3393242 3393242 3393242 3393242 3393242 3393242 3393242 3393242 5101815 5101815 5101815 5101815 5105387 4977625 4977625 4977625 4977625 4977625 4977625 4977625 4977625 4977625 4977625 4977625 4977625 4977625 4977625 4977625 5039854 4577779 4577779 4577779 3591650 3064540 3064540 3064540 3064540 3064540 3064540 3064540 3064540 3591650 4577779 4577779 4577779 4577779 4577779 4577779 4577779 4579043 4977625 4977625 4977625 4977625 4977625 4977625 4977625 6610893 589824 589824 589824 589824 1854562 1854562 1854562 1854562 -1 -1 -1 -1 -1 -1 -1 -1 
-1 -1 -1 -1 -1 -1 -1 -1 1854562 1854562 1854562 1854562 589824 589824 589824 589824 351308 4977625 4977625 4977625 4977625 4977625 4977625 4977625 4977625 4977625 4977625 4977625 4977625 4977625 4977625 4977625 4977625 4977625 4977625 4977625 4977625 5101815 5101815 5101815 5101815 5101815 5101815 5101815 5101815 3393242 3393242 3393242 3393242 3393242 3393242 3393242 3393242 3393242 5101815 5101815 5101815 5101815 5105387 4977625 4977625 4977625 4977625 4977625 4977625 4977625 4977625 4977625 4977625 4977625 4977625 4977625 4977625 4977625 5039854 4577779 4577779 4577779 3591650 3064540 3064540 3064540 3064540 3064540 3064540 3064540 3064540 3591650 4577779 4577779 4577779 4577779 4577779 4577779 4577779 4579043 4977625 4977625 4977625 4977625 4977625 4977625 4977625 6610893 589824 589824 589824 589824 1854562 1854562 1854562 1854562 -1 -1 -1 -1 -1 -1 -1 -1 
-1 -1 -1 -1 -1 -1 -1 -1 1854562 1854562 1854562 1854562 589824 589824 589824 589824 351308 4977625 4977625 4977625 4977625 4977625 4977625 4977625 4977625 4977625 4977625 4977625 4977625 4977625 4977625 4977625 4977625 4977625 4977625 4977625 4977625 5101815 5101815 5101815 5101815 5101815 5101815 5101815 5101815 3393242 3393242 3393242 3393242 3393242 3393242 3393242 3393242 3393242 5101815 5101815 5101815 5101815 5105387 4977625 4977625 4977625 4977625 4977625 4977625 4977625 4977625 4977625 4977625 4977625 4977625 4977625 4977625 4977625 5039854 4577779 4577779 4577779 3591650 3064540 3064540 3064540 3064540 3064540 3064540 3064540 3064540 3591650 4577779 4577779 4577779 4577779 4577779 4577779 4577779 4579043 4977625 4977625 4977625 4977625 4977625 4977625 4977625 6610893 589824 589824 589824 589824 1854562 1854562 1854562 1854562 -1 -1 -1 -1 -1 -1 -1 -1 
-1 -1 -1 -1 -1 -1 -1 -1 1854562 1854562 1854562 1854562 589824 589824 589824 589824 351308 4977625 4977625 4977625 4977625 4977625 4977625 4977625 4977625 4977625 4977625 4977625 4977625 4977625 4977625 4977625 4977625 4977625 4977625 4977625 4977625 5101815 5101815 5101815 5101815 5101815 5101815 5101815 5101815 4116460 4116460 4116460 4116460 4116460 4116460 4116460 4116460 4116460 5105387 5105387 5105387 5105387 5105387 4977625 4977625 4977625 4977625 4977625 4977625 4977625 4977625 4977625 4977625 4977625 4977625 4977625 4977625 4977625 5039854 4577779 4577779 4577779 3591650 3064540 3064540 3064540 3064540 3064540 3064540 3064540 3064540 3591650 4577779 4577779 4577779 4577779 4577779 4577779 4577779 4579043 4977625 4977625 4977625 4977625 4977625 4977625 4977625 6610893 589824 589824 589824 589824 1854562 1854562 1854562 1854562 -1 -1 -1 -1 -1 -1 -1 -1 
-1 -1 -1 -1 -1 -1 -1 -1 1854562 1854562 1854562 1854562 589824 589824 589824 589824 351308 4977625 4977625 4977625 4977625 4977625 4977625 4977625 4977625 4977625 4977625 4977625 4977625 4977625 4977625 4977625 4977625 4977625 4977625 4977625 4977625 4977625 4977625 4977625 4977625 5105387 5101815 5101815 5101815 5101815 5101815 5101815 5101815 5101815 5101815 5101815 5101815 5101815 5105387 4977625 4977625 4977625 4977625 4977625 4977625 4977625 4977625 4977625 4977625 4977625 4977625 4977625 4977625 4977625 4977625 4977625 4977625 4977625 5039854 4577779 4577779 4577779 3591650 3064540 3064540 3064540 3064540 3064540 3064540 3064540 3064540 3591650 4577779 4577779 4577779 4577779 4577779 4577779 4577779 4579043 4977625 4977625 4977625 4977625 4977625 4977625 4977625 6610893 589824 589824 589824 589824 1854562 1854562 1854562 1854562 -1 -1 -1 -1 -1 -1 -1 -1 
-1 -1 -1 -1 -1 -1 -1 -1 1854562 1854562 1854562 1854562 589824 589824 589824 589824 351308 4977625 4977625 4977625 4977625 4977625 4977625 4977625 4977625 4977625 4977625 4977625 4977625 4977625 4977625 4977625 4977625 4977625 4977625 4977625 4977625 4977625 4977625 4977625 4977625 5105387 5101815 5101815 5101815 5101815 5101815 5101815 5101815 5101815 5101815 5101815 5101815 5101815 5105387 4977625 4977625 4977625 4977625 4977625 4977625 4977625 4977625 4977625 4977625 4977625 4977625 4977625 4977625 4977625 4977625 4977625 4977625 4977625 5039854 4577779 4577779 4577779 3591650 3064540 3064540 3064540 3064540 3064540 3064540 3064540 3064540 3591650 4577779 4577779 4577779 4577779 4577779 4577779 4577779 4579043 4977625 4977625 4977625 4977625 4977625 4977625 4977625 6610893 589824 589824 589824 589824 1854562 1854562 1854562 1854562 -1 -1 -1 -1 -1 -1 -1 -1 
-1 -1 -1 -1 -1 -1 -1 -1 1854562 1854562 1854562 1854562 589824 589824 589824 589824 351308 4977625 4977625 4977625 4977625 4977625 4977625 4977625 4977625 4977625 4977625 4977625 4977625 4977625 4977625 4977625 4977625 4977625 4977625 4977625 4977625 4977625 4977625 4977625 4977625 5105387 5101815 5101815 5101815 5101815 5101815 5101815 5101815 5101815 5101815 5101815 5101815 5101815 5105387 4977625 4977625 4977625 4977625 4977625 4977625 4977625 4977625 4977625 4977625 4977625 4977625 4977625 4977625 4977625 4977625 4977625 4977625 4977625 5039854 4577779 4577779 4577779 3591650 3064540 3064540 3064540 3064540 3064540 3064540 3064540 3064540 3591650 4577779 4577779 4577779 4577779 4577779 4577779 4577779 4579043 4977625 4977625 4977625 4977625 4977625 4977625 4977625 6610893 589824 589824 589824 589824 1854562 1854562 1854562 1854562 -1 -1 -1 -1 -1 -1 -1 -1 
-1 -1 -1 -1 1854562 1854562 1854562 1854562 589824 589824 589824 589824 351308 351308 351308 351308 351308 4977625 4977625 4977625 4977625 4977625 4977625 4977625 4977625 4977625 4977625 4977625 4977625 4977625 4977625 4977625 4977625 4977625 4977625 4977625 4977625 4977625 4977625 4977625 4977625 5105387 5101815 5101815 5101815 5101815 5101815 5101815 5101815 5101815 5101815 5101815 5101815 5101815 5105387 4977625 4977625 4977625 4977625 4977625 4977625 4977625 4977625 4977625 4977625 4977625 4977625 4977625 4977625 4977625 4977625 4977625 4977625 4977625 5039854 4577779 4577779 4577779 3591650 3064540 3064540 3064540 3064540 3064540 3064540 3064540 3064540 3591650 4577779 4577779 4577779 4577779 4577779 4577779 4577779 4579043 4977625 4977625 4977625 4977625 4977625 4977625 4977625 6610893 6610893 6610893 6610893 6610893 589824 589824 589824 589824 1854562 1854562 1854562 1854562 -1 -1 -1 -1 
-1 -1 -1 -1 1854562 1854562 1854562 1854562 589824 589824 589824 589824 2916757 4977625 4977625 4977625 4977625 4977625 4977625 4977625 4977625 4977625 4977625 4977625 4977625 4977625 4977625 4977625 4977625 4977625 4977625 4977625 4977625 4977625 4977625 4977625 4977625 4977625 4977625 4977625 4977625 5105387 5105387 5105387 5105387 5105387 5105387 5105387 5105387 5105387 5105387 5105387 5105387 5105387 5105387 4977625 4977625 4977625 4977625 4977625 4977625 4977625 4977625 4977625 4977625 4977625 4977625 4977625 4977625 4977625 4977625 4977625 4977625 4977625 5039854 4577779 4577779 4577779 3591650 3591650 3591650 3591650 3591650 3591650 3591650 3591650 3591650 3591650 4577779 4577779 4577779 4839407 4577779 4577779 4577779 4579043 4977625 4977625 4977625 4977625 4977625 4977625 4977625 4977625 4977625 4977625 4977625 6610893 589824 589824 589824 589824 1854562 1854562 1854562 1854562 -1 -1 -1 -1 
-1 -1 -1 -1 1854562 1854562 1854562 1854562 589824 589824 589824 589824 2916757 4977625 4977625 4977625 4977625 4977625 4977625 4977625 4977625 4977625 4977625 4977625 4977625 4977625 4977625 4977625 4977625 4977625 4977625 4977625 4977625 4977625 4977625 4977625 4977625 4977625 4977625 4977625 4977625 4977625 4977625 4977625 4977625 4977625 4977625 4977625 4977625 4977625 4977625 4977625 4977625 4977625 4977625 4977625 4977625 4977625 4977625 4977625 4977625 4977625 4977625 4977625 4977625 4977625 4977625 4977625 4977625 4977625 4977625 4977625 4977625 4977625 5039854 4577779 4577779 4577779 4840436 4577779 4577779 4577779 4577779 4577779 4577779 4577779 4577779 4577779 4577779 4577779 4577779 4577779 4577779 4577779 4577779 4579043 4977625 4977625 4977625 4977625 4977625 4977625 4977625 4977625 4977625 4977625 4977625 6610893 589824 589824 589824 589824 1854562 1854562 1854562 1854562 -1 -1 -1 -1 
-1 -1 -1 -1 1854562 1854562 1854562 1854562 589824 589824 589824 589824 2916757 4977625 4977625 4977625 4977625 4977625 4977625 4977625 4977625 4977625 4977625 4977625 4977625 4977625 4977625 4977625 4977625 4977625 4977625 4977625 4977625 4977625 4977625 4977625 4977625 4977625 4977625 4977625 4977625 4977625 4977625 4977625 4977625 4977625 4977625 4977625 4977625 4977625 4977625 4977625 4977625 4977625 4977625 4977625 4977625 4977625 4977625 4977625 4977625 4977625 4977625 4977625 4977625 4977625 4977625 4977625 4977625 4977625 4977625 4977625 4977625 4977625 5039854 4577779 4577779 4577779 4840434 4577779 4577779 4577779 4577779 4577779 4577779 4577779 4577779 4577779 4577779 4577779 4577779 4577779 4577779 4577779 4577779 4579043 4977625 4977625 4977625 4977625 4977625 4977625 4977625 4977625 4977625 4977625 4977625 6610893 589824 589824 589824 589824 1854562 1854562 1854562 1854562 -1 -1 -1 -1 
-1 -1 -1 -1 1854562 1854562 1854562 1854562 589824 589824 589824 589824 2916757 4977625 4977625 4977625 4977625 4977625 4977625 4977625 5236965 5236965 5236965 5236965 5236965 4317916 4317916 4317916 4317916 4317916 4317916 4317916 4317916 4317916 4977625 4977625 4977625 4977625 4977625 4977625 4977625 4977625 4977625 4977625 4977625 4977625 4977625 4977625 4977625 4977625 4977625 4977625 4977625 5766884 5766884 5766884 5766884 5766884 4977625 4977625 4977625 4977625 4977625 4977625 4977625 4977625 4977625 4977625 4977625 4977625 4977625 4977625 4977625 4977625 4977625 5039854 5039854 5039854 5039854 4577779 4577779 4577779 4577779 4577779 4577779 4577779 4577779 4577779 4577779 4577779 4577779 4577779 4577779 4577779 4577779 4579043 4977625 4977625 4977625 4977625 4977625 4977625 4977625 4977625 4977625 4977625 4977625 6610893 589824 589824 589824 589824 1854562 1854562 1854562 1854562 -1 -1 -1 -1 
-1 -1 -1 -1 1854562 1854562 1854562 1854562 589824 589824 589824 589824 2916757 4977625 4977625 4977625 4977625 4977625 4977625 4977625 5236965 4643574 4643574 4643574 4643574 3130588 3130588 3130588 3130588 3130588 3130588 3130588 3130588 4317916 4977625 4977625 4977625 4977625 4977625 4977625 4977625 4977625 4977625 4977625 4977625 4977625 4977625 4977625 4977625 4977625 4977625 4977625 4977625 5766884 5766884 5766884 5766884 5766884 4977625 4977625 4977625 4977625 4977625 4977625 4977625 4977625 4977625 4977625 4977625 4977625 4977625 4977625 4977625 4977625 4977625 4977625 4977625 4977625 5039854 4577779 4577779 4577779 4577779 4577779 4577779 4577779 4577779 4577779 4577779 4577779 4577779 5039854 4977625 4977625 4977625 4977625 4977625 4977625 4977625 4977625 4977625 4977625 4977625 4977625 4977625 4977625 4977625 6610893 589824 589824 589824 589824 1854562 1854562 1854562 1854562 -1 -1 -1 -1 
-1 -1 -1 -1 1854562 1854562 1854562 1854562 589824 589824 589824 589824 2916757 4977625 4977625 4977625 4977625 4977625 4977625 4977625 5236965 4643574 4643574 4643574 4643574 3130588 3130588 3130588 3130588 3130588 3130588 3130588 3130588 4317916 4977625 4977625 4977625 4977625 4977625 4977625 4977625 4977625 4977625 4977625 4977625 4977625 4977625 4977625 4977625 4977625 4977625 4977625 4977625 5766884 5766884 5766884 5766884 5766884 4977625 4977625 4977625 4977625 4977625 4977625 4977625 4977625 4977625 4977625 4977625 4977625 4977625 4977625 4977625 4977625 4977625 4977625 4977625 4977625 5039854 4577779 4577779 4577779 4577779 4577779 4577779 4577779 4577779 4577779 4577779 4577779 4577779 5039854 4977625 4977625 4977625 4977625 4977625 4977625 4977625 4977625 4977625 4977625 4977625 4977625 4977625 4977625 4977625 6610893 589824 589824 589824 589824 1854562 1854562 1854562 1854562 -1 -1 -1 -1 
-1 -1 -1 -1 1854562 1854562 1854562 1854562 589824 589824 589824 589824 2916757 4977625 4977625 4977625 4977625 4977625 4977625 4977625 5236965 4643574 4643574 4643574 4643574 3130588 3130588 3130588 3130588 3130588 3130588 3130588 3130588 4317916 4977625 4977625 4977625 4977625 4977625 4977625 4977625 4977625 4977625 4977625 4977625 4977625 4977625 4977625 4977625 4977625 4977625 4977625 4977625 5766884 5766884 5766884 5766884 5766884 4977625 4977625 4977625 4977625 4977625 4977625 4977625 4977625 4977625 4977625 4977625 4977625 4977625 4977625 4977625 4977625 4977625 4977625 4977625 4977625 5039854 4577779 4577779 4577779 4577779 4577779 4577779 4577779 4577779 4577779 4577779 4577779 4577779 5039854 4977625 4977625 4977625 4977625 4977625 4977625 4977625 4977625 4977625 4977625 4977625 4977625 4977625 4977625 4977625 6610893 589824 589824 589824 589824 1854562 1854562 1854562 1854562 -1 -1 -1 -1 
-1 -1 -1 -1 1854562 1854562 1854562 1854562 589824 589824 589824 589824 2916757 4977625 4977625 4977625 4977625 4977625 4977625 4977625 5236965 4643574 4643574 4643574 4643574 3130588 3130588 3130588 3130588 3130588 3130588 3130588 3130588 4317916 4977625 4977625 4977625 4977625 4977625 4977625 4977625 4977625 4977625 4977625 4977625 4977625 4977625 4977625 4977625 4977625 4977625 4977625 4977625 5766884 5766884 5766884 5766884 5766884 4977625 4977625 4977625 4977625 4977625 4977625 4977625 4977625 4977625 4977625 4977625 4977625 4977625 4977625 4977625 4977625 4977625 4977625 4977625 4977625 5039854 5039854 5039854 5039854 5039854 5039854 5039854 5039854 5039854 5039854 5039854 5039854 5039854 5039854 4977625 4977625 4977625 4977625 4977625 4977625 4977625 4977625 4977625 4977625 4977625 4977625 4977625 4977625 4977625 6610893 589824 589824 589824 589824 1854562 1854562 1854562 1854562 -1 -1 -1 -1 
1854562 1854562 1854562 1854562 589824 589824 589824 589824 2916757 2916757 2916757 2916757 2916757 4646882 4646882 4646882 4646882 4977625 4977625 4977625 5236965 4643574 4643574 4643574 4643574 3130588 3130588 3130588 3130588 3130588 3130588 3130588 3130588 4317916 4977625 4977625 4977625 4977625 4977625 4977625 4977625 4977625 4977625 4977625 4977625 4977625 4977625 4977625 4977625 4977625 4977625 4977625 4977625 4977625 4977625 4977625 4977625 4977625 4977625 4977625 4977625 4977625 4977625 4977625 4977625 4977625 4977625 4977625 4977625 4977625 4977625 4977625 4977625 4977625 4977625 4977625 4977625 4977625 4977625 4977625 4977625 4977625 4977625 4977625 4977625 4977625 4977625 4977625 4977625 4977625 4977625 4977625 4977625 4977625 4977625 4977625 4977625 4977625 4977625 4977625 4977625 4977625 4977625 4977625 4977625 4977625 4977625 6610893 6610893 6610893 6610893 6610893 589824 589824 589824 589824 1854562 1854562 1854562 1854562 
1854562 1854562 1854562 1854562 589824 589824 589824 589824 2916757 4644085 4644085 4644085 4644085 4644085 4644085 4644085 4646882 4977625 4977625 4977625 5236965 4643574 4643574 4643574 4643574 3130588 3130588 3130588 3130588 3130588 3130588 3130588 3130588 4317916 4977625 4977625 4977625 4977625 4977625 4977625 4977625 4977625 4977625 4977625 4977625 4977625 4977625 4977625 4977625 4977625 4977625 4977625 4977625 4977625 4977625 4977625 4977625 4977625 4977625 4977625 4977625 4977625 4977625 4977625 4977625 4977625 4977625 4977625 4977625 4977625 4977625 4977625 4977625 4977625 4977625 4977625 4977625 4977625 4977625 4977625 4977625 4977625 4977625 4977625 4977625 4977625 4977625 4977625 4977625 4977625 4977625 4977625 4977625 4977625 4977625 4977625 4977625 4977625 4977625 4977625 4977625 4977625 4977625 4977625 4977625 4977625 4977625 4977625 4977625 4977625 4977625 6610893 589824 589824 589824 589824 1854562 1854562 1854562 1854562 
1854562 1854562 1854562 1854562 589824 589824 589824 589824 2916757 4644085 4644085 4644085 4644085 4644085 4644085 4644085 4646882 4977625 4977625 4977625 5236965 4643574 4643574 4643574 4643574 3130588 3130588 3130588 3130588 3130588 3130588 3130588 3130588 4317916 4977625 4977625 4977625 4977625 4977625 4977625 4977625 4977625 4977625 4977625 4977625 4977625 4977625 4977625 4977625 4977625 4977625 4977625 4977625 4977625 4977625 4977625 4977625 4977625 4977625 4977625 4977625 4977625 4977625 4977625 4977625 4977625 4977625 4977625 4977625 4977625 4977625 4977625 4977625 4977625 4977625 4977625 4977625 4977625 4977625 4977625 4977625 4977625 4977625 4977625 4977625 4977625 4977625 4977625 4977625 4977625 4977625 4977625 4977625 4977625 4977625 4977625 4977625 4977625 4977625 4977625 4977625 4977625 4977625 4977625 4977625 4977625 4977625 4977625 4977625 4977625 4977625 6610893 589824 589824 589824 589824 1854562 1854562 1854562 1854562 
1854562 1854562 1854562 1854562 589824 589824 589824 589824 2916757 4644085 4644085 4644085 4644085 4644085 4644085 4644085 4646882 4977625 4977625 4977625 5236965 4643574 4643574 4643574 4643574 3130588 3130588 3130588 3130588 3130588 3130588 3130588 3130588 4317916 4977625 4977625 4977625 4977625 4977625 4977625 4977625 4977625 4977625 4977625 4977625 4977625 4977625 4977625 4977625 4977625 4977625 4977625 4977625 4977625 4977625 4977625 4977625 4977625 4977625 4977625 4977625 5041127 5041127 5041127 5041127 5041127 5041127 5041127 5041127 5041127 5041127 5041127 5041127 5041127 5041127 5041127 5041127 5041127 5041127 5041127 5041127 5041127 5041127 5041127 4977625 4977625 4977625 4977625 4977625 4977625 4977625 4977625 4977625 4977625 4977625 4977625 4977625 4977625 4977625 5040105 5040105 5040105 5040105 5040105 5040105 4977625 4977625 4977625 4977625 4977625 4977625 6610893 589824 589824 589824 589824 1854562 1854562 1854562 1854562 
1854562 1854562 1854562 1854562 589824 589824 589824 589824 2916757 4644085 4644085 4644085 4644085 4644085 4644085 4644085 4646882 4977625 4977625 4977625 5236965 4643574 4643574 4643574 4643574 4643574 4643574 4643574 4643574 4643574 4643574 4643574 4643574 5236965 4977625 4977625 4977625 4977625 4977625 4977625 4977625 4977625 4977625 4977625 4977625 4977625 4977625 4977625 4977625 4977625 4977625 4977625 4977625 4977625 4977625 4977625 4977625 4977625 4977625 4977625 4977625 5041127 4642804 4642804 4642804 4642804 4642804 4642804 4642804 4642804 4642804 4642804 4642804 4642804 4642804 4642804 4642804 4642804 4642804 4642804 4642804 4642804 4642804 5041127 4977625 4977625 4977625 4977625 4977625 4977625 4977625 4977625 4977625 4977625 4977625 4977625 4977625 4977625 4977625 4844001 4315623 4315623 4315623 4315623 5040105 4977625 4977625 4977625 4977625 4977625 4977625 6610893 589824 589824 589824 589824 1854562 1854562 1854562 1854562 
1854562 1854562 1854562 1854562 589824 589824 589824 589824 2916757 4644085 4644085 4644085 4644085 4644085 4644085 4644085 4646882 4977625 4977625 4977625 5236965 4643574 4643574 4643574 4643574 4643574 4643574 4643574 4643574 4643574 4643574 4643574 4643574 5236965 4977625 4977625 4977625 4977625 4977625 4977625 4977625 4977625 4977625 4977625 4977625 4977625 4977625 4977625 4977625 4977625 4977625 4977625 4977625 4977625 4977625 4977625 4977625 4977625 4977625 4977625 4977625 5041127 4642804 4642804 4642804 4642804 4642804 4642804 4642804 4642804 4642804 4642804 4642804 4642804 4642804 4642804 4642804 4642804 4642804 4642804 4642804 4642804 4642804 5041127 4977625 4977625 4977625 4977625 4977625 4977625 4977625 4977625 4977625 4977625 4977625 4977625 4977625 4977625 4977625 5040105 4315623 4315623 4315623 4315623 5040105 4977625 4977625 4977625 4977625 4977625 4977625 6610893 589824 589824 589824 589824 1854562 1854562 1854562 1854562 
1854562 1854562 1854562 1854562 589824 589824 589824 589824 2916757 4644085 4644085 4644085 4644085 4644085 4644085 4644085 4646882 4977625 4977625 4977625 5236965 4643574 4643574 4643574 4643574 4643574 4643574 4643574 4643574 4643574 4643574 4643574 4643574 5236965 4977625 4977625 4977625 4977625 4977625 4977625 4977625 4977625 4977625 4977625 4977625 4977625 4977625 4977625 4977625 4977625 4977625 4977625 4977625 4977625 4977625 4977625 4977625 4977625 4977625 4977625 4977625 5041127 4642804 4642804 4642804 4642804 4642804 4642804 4642804 4642804 4642804 4642804 4642804 4642804 4642804 4642804 4642804 4642804 4642804 4642804 4642804 4642804 4642804 5041127 4977625 4977625 4977625 4977625 4977625 4977625 4977625 4977625 4977625 4977625 4977625 4977625 4977625 4977625 4977625 4908521 4315623 4315623 4315623 4315623 5040105 4977625 4977625 4977625 4977625 4977625 4977625 6610893 589824 589824 589824 589824 1854562 1854562 1854562 1854562 
1854562 1854562 1854562 1854562 589824 589824 589824 589824 2916757 4644085 4644085 4644085 4644085 4644085 4644085 4644085 4646882 4977625 4977625 4977625 5236965 4643574 4643574 4643574 4643574 4643574 4643574 4643574 4643574 4643574 4643574 4643574 4643574 5236965 4977625 4977625 4977625 4977625 4977625 4977625 4977625 4977625 4977625 4977625 4977625 4977625 4977625 4977625 4977625 4977625 4977625 4977625 4977625 4977625 4977625 4977625 4977625 5041127 5041127 5041127 5041127 5041127 4642804 4642804 4642804 4642804 4642804 4642804 4642804 4642804 4642804 4642804 4642804 4642804 4642804 4642804 4642804 4642804 4642804 4642804 4642804 4642804 4642804 5041127 5041127 5041127 5041127 5041127 4977625 4977625 4977625 4977625 4977625 4977625 4977625 4977625 4977625 4977625 4977625 4974312 4315623 4315623 4315623 4315623 5040105 4977625 4977625 4977625 4977625 4977625 4977625 6610893 589824 589824 589824 589824 1854562 1854562 1854562 1854562 
1854562 1854562 1854562 1854562 589824 589824 589824 589824 2916757 4644085 4644085 4644085 4644085 4644085 4644085 4644085 4646882 4977625 4977625 4977625 5236965 5236965 5236965 5236965 5236965 5236965 5236965 5236965 5236965 5236965 5236965 5236965 5236965 5236965 4977625 4977625 4977625 4977625 4977625 4977625 4977625 4977625 4977625 4977625 4977625 4977625 4977625 4977625 4977625 4977625 4977625 4977625 4977625 4977625 4977625 4977625 4977625 5041127 4642804 4642804 4642804 4642804 3262174 3262174 3262174 3262174 3262174 3262174 3262174 3262174 3262174 3262174 3262174 3262174 3262174 3262174 3262174 3262174 3262174 3262174 3262174 3262174 3262174 4642804 4642804 4642804 4642804 5041127 4977625 4977625 4977625 4977625 4977625 4977625 4977625 4977625 4977625 4977625 4977625 5040105 5040105 5040105 5040105 5040105 5040105 4977625 4977625 4977625 4977625 4977625 4977625 6610893 589824 589824 589824 589824 1854562 1854562 1854562 1854562 
1854562 1854562 1854562 1854562 589824 589824 589824 589824 2916757 4644085 4644085 4644085 4644085 4644085 4644085 4644085 4646882 4977625 4977625 4977625 4977625 4977625 4977625 4977625 4977625 4977625 4977625 4977625 4977625 4977625 4977625 4977625 4977625 4977625 4977625 4977625 4977625 4977625 4977625 4977625 4977625 4977625 4977625 4977625 4977625 4977625 4977625 4977625 4977625 4977625 4977625 4977625 4977625 4977625 4977625 4977625 4977625 5041127 4642804 4642804 4642804 4642804 3262174 3262174 3262174 3262174 3262174 3262174 3262174 3262174 3262174 3262174 3262174 3262174 3262174 3262174 3262174 3262174 3262174 3262174 3262174 3262174 3262174 4642804 4642804 4642804 4642804 5041127 4977625 4977625 4977625 4977625 4977625 4977625 4977625 4977625 4977625 4977625 4977625 4977625 4977625 4977625 4977625 4977625 4977625 4977625 4977625 4977625 4977625 4977625 4977625 6610893 589824 589824 589824 589824 1854562 1854562 1854562 1854562 
1854562 1854562 1854562 1854562 589824 589824 589824 589824 2916757 4644085 4644085 4644085 4644085 4644085 4709367 4447984 4646882 4977625 4977625 4977625 4977625 4977625 4977625 4977625 4977625 4977625 4977625 4977625 4977625 4977625 4977625 4977625 4977625 4977625 4977625 4977625 4977625 4977625 4977625 4977625 4977625 4977625 4977625 4977625 4977625 4977625 4977625 4977625 4977625 4977625 4977625 4977625 4977625 4977625 4977625 4977625 4977625 5041127 4642804 4642804 4642804 4642804 3262174 3262174 3262174 3262174 3262174 3262174 3262174 3262174 3262174 3262174 3262174 3262174 3262174 3262174 3262174 3262174 3262174 3262174 3262174 3262174 3262174 4642804 4642804 4642804 4642804 5041127 4977625 4977625 4977625 4977625 4977625 4977625 4977625 4977625 4977625 4977625 4977625 4977625 4977625 4977625 4977625 4977625 4977625 4977625 4977625 4977625 4977625 4977625 4977625 6610893 589824 589824 589824 589824 1854562 1854562 1854562 1854562 
1854562 1854562 1854562 1854562 589824 589824 589824 589824 2916757 4644085 4644085 4644085 4644085 4644085 4644085 4644085 4646882 4977625 4977625 4977625 4977625 4977625 4977625 4977625 4977625 4977625 4977625 4977625 4977625 4977625 4977625 4977625 4977625 4977625 4977625 4977625 4977625 4977625 4977625 4977625 4977625 4977625 4977625 4977625 4977625 4977625 4977625 4977625 4977625 4977625 4977625 4977625 4977625 4977625 4977625 4977625 4977625 5041127 4642804 4642804 4642804 4642804 3262174 3262174 3262174 3262174 3262174 3262174 3262174 3262174 3262174 3262174 3262174 3262174 3262174 3262174 3262174 3262174 3262174 3262174 3262174 3262174 3262174 4642804 4642804 4642804 4642804 5041127 4977625 4977625 4977625 4977625 4977625 4977625 4977625 4977625 4977625 4977625 4977625 4977625 4977625 4977625 4977625 4977625 4977625 4977625 4977625 4977625 4977625 4977625 4977625 6610893 589824 589824 589824 589824 1854562 1854562 1854562 1854562 
1854562 1854562 1854562 1854562 589824 589824 589824 589824 2916757 4644085 4644085 4644085 4644085 4644085 4644085 4644085 4646882 4646882 4646882 4646882 4646882 4977625 4977625 4977625 4977625 4977625 4977625 4977625 4977625 4977625 4977625 4977625 4977625 4977625 4977625 4977625 4977625 4977625 4977625 4977625 4977625 4908771 4908771 4908771 4908771 4908771 4977625 4977625 4977625 4977625 4977625 4977625 4977625 4977625 4977625 4977625 4977625 5041127 4642804 4642804 4642804 4642804 3262174 3262174 3262174 3262174 3262174 3262174 3262174 3262174 3262174 3262174 3262174 3262174 3262174 3262174 3262174 3262174 3262174 3262174 3262174 3262174 3262174 4642804 4642804 4642804 4642804 5041127 4977625 4977625 4977625 4977625 5831908 5831908 5831908 5831908 4977625 4977625 4977625 4977625 4977625 4977625 4977625 4977625 4977625 4977625 4977625 4977625 4977625 4977625 4977625 6610893 589824 589824 589824 589824 1854562 1854562 1854562 1854562 
1854562 1854562 1854562 1854562 589824 589824 589824 589824 2916757 4644085 4644085 4644085 4644085 4644085 4644085 4644085 4644085 4644085 4644085 4644085 4646882 4977625 4977625 4977625 4977625 4977625 4977625 4977625 4977625 4977625 4977625 4977625 4977625 4977625 4977625 4977625 4977625 4977625 4977625 4977625 4977625 4908771 4512239 4512239 4512239 4908771 4977625 4977625 4977625 4977625 4977625 4977625 4977625 4977625 4977625 4977625 4977625 5041127 4642804 4642804 4642804 4642804 3262174 3262174 3262174 3262174 3262174 3262174 3262174 3262174 3262174 3262174 3262174 3262174 3262174 3262174 3262174 3262174 3262174 3262174 3262174 3262174 3262174 4642804 4642804 4642804 4642804 5041127 4977625 4977625 4977625 4977625 5831908 5831908 5831908 5831908 4977625 4977625 4977625 4977625 4977625 4977625 4977625 4977625 4977625 4977625 4977625 4977625 4977625 4977625 4977625 6610893 589824 589824 589824 589824 1854562 1854562 1854562 1854562 
1854562 1854562 1854562 1854562 589824 589824 589824 589824 2916757 4644085 4644085 4644085 4644085 4644085 4644085 4644085 4644085 4644085 4644085 4644085 4646882 4977625 4977625 4977625 4977625 4977625 4977625 4977625 4977625 4977625 4977625 4977625 4977625 4977625 4977625 4977625 4977625 4977625 4977625 4977625 4977625 4908771 4512239 4512239 4512239 4908771 4977625 4977625 4977625 4977625 4977625 4977625 4977625 4977625 4977625 4977625 4977625 5041127 4642804 4642804 4642804 4642804 3262174 3262174 3262174 3262174 3262174 3262174 3262174 3262174 3262174 3262174 3262174 3262174 3262174 3262174 3262174 3262174 3262174 3262174 3262174 3262174 3262174 4642804 4642804 4642804 4642804 5041127 4977625 4977625 4977625 4977625 5831908 5831908 5831908 5831908 4977625 4977625 4977625 4977625 4977625 4977625 4977625 4977625 4977625 4977625 4977625 4977625 4977625 4977625 4977625 6610893 589824 589824 589824 589824 1854562 1854562 1854562 1854562 
1854562 1854562 1854562 1854562 589824 589824 589824 589824 2916757 4644085 4644085 4644085 4644085 4644085 4644085 4644085 4644085 4644085 4644085 4644085 4646882 4977625 4977625 4977625 4977625 4977625 4977625 4977625 4977625 4977625 4977625 4977625 4977625 4977625 4977625 4977625 4977625 4977625 4977625 4977625 4977625 4908771 4512239 4512239 4512239 4908771 4977625 4977625 4977625 4977625 4977625 4977625 4977625 4977625 4977625 4977625 4977625 5041127 4642804 4642804 4642804 4642804 3262174 3262174 3262174 3262174 3262174 3262174 3262174 3262174 3262174 3262174 3262174 3262174 3262174 3262174 3262174 3262174 3262174 3262174 3262174 3262174 3262174 4642804 4642804 4642804 4642804 5041127 4977625 4977625 4977625 4977625 5831908 5831908 5831908 5831908 4977625 4977625 4977625 4977625 4977625 4977625 4977625 4977625 4977625 4977625 4977625 4977625 4977625 4977625 4977625 6610893 589824 589824 589824 589824 1854562 1854562 1854562 1854562 
1854562 1854562 1854562 1854562 589824 589824 589824 589824 2916757 4644085 4644085 4644085 4644085 4644085 4644085 4644085 4644085 4644085 4644085 4644085 4646882 4977625 4977625 4977625 4977625 4977625 4977625 4977625 4977625 4977625 4977625 4977625 4977625 4977625 4977625 4977625 4977625 4977625 4977625 4977625 4977625 4908771 4908771 4908771 4908771 4908771 4977625 4977625 4977625 4977625 4977625 4977625 4977625 4977625 4977625 4977625 4977625 5041127 4642804 4642804 4642804 4642804 3262174 3262174 3262174 3262174 3262174 3262174 3262174 3262174 3262174 3262174 3262174 3262174 3262174 3262174 3262174 3262174 3262174 3262174 3262174 3262174 3262174 4642804 4642804 4642804 4642804 5041127 4977625 4977625 4977625 4977625 4977625 4977625 4977625 4977625 4977625 4977625 4977625 5039848 5039848 5039848 5039848 5039848 5039848 5039848 5039848 5039848 4977625 4977625 4977625 6610893 589824 589824 589824 589824 1854562 1854562 1854562 1854562 
1854562 1854562 1854562 1854562 589824 589824 589824 589824 2916757 4644085 4644085 4644085 4644085 4644085 4644085 4644085 4644085 4644085 4644085 4644085 4646882 4977625 4977625 4977625 4977625 4977625 4977625 4977625 4977625 4977625 4977625 4977625 4977625 4977625 4977625 4977625 4977625 4977625 4977625 4977625 4977625 4977625 4977625 4977625 4977625 4977625 4977625 4977625 4977625 4977625 4977625 4977625 4977625 4977625 4977625 4977625 4977625 5041127 4642804 4642804 4642804 4642804 3262174 3262174 3262174 3262174 3262174 3262174 3262174 3262174 3262174 3262174 3262174 3262174 3262174 3262174 3262174 3262174 3262174 3262174 3262174 3262174 3262174 4642804 4642804 4642804 4642804 5041127 4977625 4977625 4977625 4977625 4977625 4977625 4977625 4977625 4977625 4977625 4977625 5039848 4380902 4380902 4380902 4380902 4380902 4380902 4380902 5039848 4977625 4977625 4977625 6610893 589824 589824 589824 589824 1854562 1854562 1854562 1854562 
1854562 1854562 1854562 1854562 589824 589824 589824 589824 2916757 4644085 4644085 4644085 4644085 4644085 4644085 4644085 4644085 4644085 4644085 4644085 4646882 4977625 4977625 4977625 4977625 4977625 4977625 4977625 4977625 4977625 4977625 4977625 4977625 4977625 4977625 4977625 4977625 4977625 4977625 4977625 4977625 4977625 4977625 4977625 4977625 4977625 4977625 4977625 4977625 4977625 4977625 4977625 4977625 4977625 4977625 4977625 4977625 5041127 4642804 4642804 4642804 4642804 3262174 3262174 3262174 3262174 3262174 3262174 3262174 3262174 3262174 3262174 3262174 3262174 3262174 3262174 3262174 3262174 3262174 3262174 3262174 3262174 3262174 4642804 4642804 4642804 4642804 5041127 4977625 4977625 4977625 4977625 4977625 4977625 4977625 4977625 4977625 4977625 4977625 5039848 4380902 4970490 4970490 4970490 4970490 4970490 4380902 5039848 4977625 4977625 4977625 6610893 589824 589824 589824 589824 1854562 1854562 1854562 1854562 
1854562 1854562 1854562 1854562 589824 589824 589824 589824 2916757 4644085 4644085 4644085 4644085 4644085 4644085 4644085 4644085 4644085 4644085 4644085 4646882 4977625 4977625 4977625 4977625 4977625 4977625 4977625 4977625 4977625 4977625 4977625 4977625 4977625 4977625 4977625 4977625 4977625 4977625 4977625 4977625 4977625 4977625 4977625 4977625 4977625 4977625 4977625 4977625 4977625 4977625 4977625 4977625 4977625 4977625 4977625 4977625 5041127 4642804 4642804 4642804 4642804 3262174 3262174 3262174 3262174 3262174 3262174 3262174 3262174 3262174 3262174 3262174 3262174 3262174 3262174 3262174 3262174 3262174 3262174 3262174 3262174 3262174 4642804 4642804 4642804 4642804 5041127 4977625 4977625 4977625 4977625 4977625 4977625 4977625 4977625 4977625 4977625 4977625 5039848 4380902 4970490 4970490 4970490 4970490 4970490 4380902 5039848 4977625 4977625 4977625 6610893 589824 589824 589824 589824 1854562 1854562 1854562 1854562 
1854562 1854562 1854562 1854562 589824 589824 589824 589824 2916757 4644085 4644085 4644085 4644085 4644085 4644085 4644085 4644085 4644085 4644085 4644085 4646882 4646882 4646882 4646882 4646882 4977625 4977625 4977625 4977625 4977625 4977625 4977625 4977625 4977625 4977625 4977625 4977625 4977625 4977625 4977625 4977625 4977625 4977625 4977625 4977625 5306844 5306844 5306844 5306844 5306844 4977625 4977625 4977625 4977625 4977625 4977625 4977625 5041127 4642804 4642804 4642804 4642804 3262174 3262174 3262174 3262174 3262174 3262174 3262174 3262174 3262174 3262174 3262174 3262174 3262174 3262174 3262174 3262174 3262174 3262174 3262174 3262174 3262174 4642804 4642804 4642804 4642804 5041127 4977625 4977625 4977625 4977625 4977625 4977625 4977625 4977625 4977625 4977625 4977625 5039848 4380902 4970490 4970490 4970490 4970490 4970490 4380902 5039848 4977625 4977625 4977625 6610893 589824 589824 589824 589824 1854562 1854562 1854562 1854562 
1854562 1854562 1854562 1854562 589824 589824 589824 589824 2916757 4644085 4644085 4644085 4644085 4644085 4644085 4644085 4644085 4644085 4644085 4644085 4644085 4644085 4644085 4644085 4646882 4977625 4977625 4977625 4977625 4977625 4977625 4977625 4977625 4977625 4977625 4977625 4977625 4977625 4977625 4977625 4977625 4977625 4977625 4977625 4977625 5306844 5569762 5569762 5569762 5569762 4977625 4977625 4977625 4977625 4977625 4977625 4977625 5041127 4642804 4642804 4642804 4642804 3262174 3262174 3262174 3262174 3262174 3262174 3262174 3262174 3262174 3262174 3262174 3262174 3262174 3262174 3262174 3262174 3262174 3262174 3262174 3262174 3262174 4642804 4642804 4642804 4642804 5041127 4977625 4977625 4977625 4977625 4977625 4977625 4977625 4977625 4977625 4977625 4977625 5039848 4380902 4970490 4970490 4970490 4970490 4970490 4380902 5039848 4977625 4977625 4977625 6610893 589824 589824 589824 589824 1854562 1854562 1854562 1854562 
1854562 1854562 1854562 1854562 589824 589824 589824 589824 2916757 4644085 4644085 4644085 4644085 4644085 4644085 4644085 4644085 4644085 4644085 4644085 4644085 4644085 4644085 4644085 4646882 4977625 4977625 4977625 4977625 4977625 4977625 4977625 4977625 4977625 4977625 4977625 4977625 4977625 4977625 4977625 4977625 4977625 4977625 4977625 4977625 5306844 5569762 5569762 5569762 5569762 4977625 4977625 4977625 4977625 4977625 4977625 4977625 5041127 4642804 4642804 4642804 4642804 3262174 3262174 3262174 3262174 3262174 3262174 3262174 3262174 3262174 3262174 3262174 3262174 3262174 3262174 3262174 3262174 3262174 3262174 3262174 3262174 3262174 4642804 4642804 4642804 4642804 5041127 4977625 4977625 4977625 4977625 4977625 4977625 4977625 4977625 4977625 4977625 4977625 5039848 4380902 4970490 4970490 4970490 4970490 4970490 4380902 5039848 4977625 4977625 4977625 6610893 589824 589824 589824 589824 1854562 1854562 1854562 1854562 
1854562 1854562 1854562 1854562 589824 589824 589824 589824 2916757 4644085 4644085 4644085 4644085 4644085 4644085 4644085 4644085 4644085 4644085 4644085 4644085 4644085 4644085 4644085 4646882 4977625 4977625 4977625 4977625 4977625 4977625 4977625 4977625 4977625 4977625 4977625 4977625 4977625 4977625 4977625 4977625 4977625 4977625 4977625 4977625 5306844 5569762 5569762 5569762 5569762 4977625 4977625 4977625 4977625 4977625 4977625 4977625 5041127 4642804 4642804 4642804 4642804 3262174 3262174 3262174 3262174 3262174 3262174 3262174 3262174 3262174 3262174 3262174 3262174 3262174 3262174 3262174 3262174 3262174 3262174 3262174 3262174 3262174 4642804 4642804 4642804 4642804 5041127 4977625 4977625 4977625 4977625 4977625 4977625 4977625 4977625 4977625 4977625 4977625 5039848 4380902 4380902 4380902 4380902 4380902 4380902 4380902 5039848 4977625 4977625 4977625 6610893 589824 589824 589824 589824 1854562 1854562 1854562 1854562 
1854562 1854562 1854562 1854562 589824 589824 589824 589824 2916757 4644085 4644085 4644085 4644085 4644085 4644085 4644085 4644085 4644085 4644085 4644085 4644085 4644085 4644085 4644085 4646882 4977625 4977625 4977625 4977625 4977625 4977625 4977625 4977625 4977625 4977625 4977625 4977625 4977625 4977625 4977625 4977625 4977625 4977625 4977625 4977625 5306844 5569762 5569762 5569762 5569762 4977625 4977625 4977625 4977625 4977625 4977625 4977625 5041127 4642804 4642804 4642804 4642804 3262174 3262174 3262174 3262174 3262174 3262174 3262174 3262174 3262174 3262174 3262174 3262174 3262174 3262174 3262174 3261919 3328224 3262174 3262174 3262174 3262174 4642804 4642804 4642804 4642804 5041127 4977625 4977625 4977625 4977625 4977625 4977625 4977625 4977625 4977625 4977625 4977625 5039848 5039848 5039848 5039848 5039848 5039848 5039848 5039848 5039848 4977625 4977625 4977625 6610893 589824 589824 589824 589824 1854562 1854562 1854562 1854562 
1854562 1854562 1854562 1854562 589824 589824 589824 589824 2916757 4644085 4644085 4644085 4644085 3524063 3524063 3524063 3524063 4644085 4644085 4644085 4644085 4644085 4644085 4644085 4646882 4977625 4977625 4977625 4977625 4977625 4977625 4977625 4977625 4977625 4977625 4977625 4977625 4977625 4977625 4977625 4977625 4977625 4977625 4977625 4977625 4977625 4977625 4977625 4977625 4977625 4977625 4977625 4977625 4977625 4977625 4977625 4977625 5041127 4642804 4642804 4642804 4642804 3262174 3262174 3262174 3262174 3262174 3262174 3262174 3262174 4972020 4972020 4972020 4972020 4972020 3262174 3262174 3262174 4774641 4774641 4774641 4774641 4774641 4642804 4642804 4642804 4642804 5041127 4977625 4977625 4977625 4977625 4977625 4977625 4977625 4977625 4977625 4977625 4977625 4977625 4977625 4977625 4977625 4977625 4977625 4977625 4977625 4977625 4977625 4977625 4977625 6610893 589824 589824 589824 589824 1854562 1854562 1854562 1854562 
1854562 1854562 1854562 1854562 589824 589824 589824 589824 2916757 4644085 4644085 4644085 4644085 3524063 3524063 3524063 3524063 4644085 4644085 4644085 4644085 4644085 4644085 4644085 4646882 4977625 4977625 4977625 4977625 4977625 4977625 4977625 4977625 4977625 4977625 4977625 4977625 4977625 4977625 4977625 4977625 4977625 4977625 4977625 4977625 4977625 4977625 4977625 4977625 4977625 4977625 4977625 4977625 4977625 4977625 4977625 4977625 5041127 4642804 4642804 4642804 4642804 3262174 3262174 3262174 3262174 3262174 3262174 3262174 3262174 4972020 4972020 4972020 4972020 4972020 3262174 3262174 3262174 4774641 4774641 4774641 4774641 4774641 4642804 4642804 4642804 4642804 5041127 4977625 4977625 4977625 4977625 4977625 4977625 4977625 4977625 4977625 4977625 4977625 4977625 4977625 4977625 4977625 4977625 4977625 4977625 4977625 4977625 4977625 4977625 4977625 6610893 589824 589824 589824 589824 1854562 1854562 1854562 1854562 
1854562 1854562 1854562 1854562 589824 589824 589824 589824 2916757 4644085 4644085 4644085 4644085 3524063 3524063 3524063 3524063 4644085 4644085 4644085 4644085 4644085 4644085 4644085 4646882 4977625 4977625 4977625 4977625 4977625 4977625 4977625 4977625 4977625 4977625 4977625 4977625 4977625 4977625 4977625 4977625 4977625 4977625 4977625 4977625 4977625 4977625 4977625 4977625 4977625 4977625 4977625 4977625 4977625 4977625 4977625 4977625 5041127 4642804 4642804 4642804 4642804 3262174 3262174 3262174 3262174 3262174 3262174 3262174 3262174 4972020 4972020 4972020 4972020 4972020 3262174 3262174 3262174 4774641 4774641 4774641 4774641 4774641 4642804 4642804 4642804 4642804 5041127 4977625 4977625 4977625 4977625 4977625 4977625 4977625 4977625 4977625 4977625 4977625 4977625 4977625 4977625 4977625 4977625 4977625 4977625 4977625 4977625 4977625 4977625 4977625 6610893 589824 589824 589824 589824 1854562 1854562 1854562 1854562 
-1 -1 -1 -1 1854562 1854562 1854562 1854562 1533036 1533036 1533036 1533036 1533036 3524063 3524063 3524063 3524063 4644085 4644085 4644085 4644085 4644085 4644085 4644085 4646882 4977625 4977625 4977625 4977625 4977625 4977625 4977625 4977625 4977625 4977625 4977625 4977625 4977625 4977625 4977625 4977625 4977625 4977625 4977625 4977625 4977625 4977625 4977625 4977625 4977625 4977625 4977625 4977625 4977625 4977625 4977625 4977625 5041127 4642804 4642804 4642804 4642804 3262174 3262174 3262174 3262174 3262174 3262174 3262174 3262174 4972020 4972020 4972020 4972020 4972020 3262174 3262174 3262174 4774641 4774641 4774641 4774641 4774641 4642804 4642804 4642804 4642804 5041127 4977625 4977625 4977625 4977625 4977625 4977625 4977625 4977625 4977625 4977625 4977625 4977625 4977625 4977625 4977625 4977625 4977625 4977625 4977625 6610893 6610893 6610893 6610893 6610893 589824 589824 589824 589824 1854562 1854562 1854562 1854562 
-1 -1 -1 -1 1854562 1854562 1854562 1854562 589824 589824 589824 589824 1533036 4644085 4644085 4644085 4644085 4644085 4644085 4644085 4644085 4644085 4644085 4644085 4646882 4646882 4646882 4646882 4646882 4646882 4646882 4646882 4646882 4646882 4977625 4977625 4977625 4977625 4977625 4977625 4977625 4977625 4977625 4977625 4977625 4977625 4977625 4977625 4977625 4977625 4977625 4977625 4977625 4977625 4977625 4977625 4977625 5041127 5041127 5041127 5041127 5041127 4644075 4644075 4644075 4644075 4644075 4644075 4644075 4644075 4644075 4644075 4644075 4644075 4644075 4644075 4644075 4644075 4644075 4644075 4644075 4644075 4644075 5041127 5041127 5041127 5041127 5041127 4977625 4977625 4977625 4977625 4977625 4977625 4977625 4977625 4977625 4977625 4977625 4977625 4977625 4977625 4977625 4977625 4977625 4977625 4977625 6610893 589824 589824 589824 589824 1854562 1854562 1854562 1854562 -1 -1 -1 -1 
-1 -1 -1 -1 1854562 1854562 1854562 1854562 589824 589824 589824 589824 1533036 4644085 4644085 4644085 4644085 4644085 4644085 4644085 4644085 4644085 4644085 4644085 4644085 4644085 4644085 4644085 4644085 4644085 4644085 4644085 4513761 4646882 4977625 4977625 4977625 4977625 4977625 4977625 4977625 4977625 4977625 4977625 4977625 4977625 4977625 4977625 4977625 4977625 4977625 4977625 4977625 4977625 4977625 4977625 4977625 4977625 4977625 4977625 4977625 5041127 4644075 4644075 4644075 4644075 4644075 4644075 4644075 4644075 4644075 4644075 4644075 4644075 4644075 4644075 4644075 4644075 4644075 4644075 4644075 4644075 4644075 5041127 4977625 4977625 4977625 4977625 4977625 4977625 4977625 4977625 4977625 4977625 4977625 4977625 4977625 4977625 4977625 4977625 4977625 4977625 4977625 4977625 4977625 4977625 4977625 6610893 589824 589824 589824 589824 1854562 1854562 1854562 1854562 -1 -1 -1 -1 
-1 -1 -1 -1 1854562 1854562 1854562 1854562 589824 589824 589824 589824 1533036 4644085 4644085 4644085 4644085 4644085 4644085 4644085 4644085 4644085 4644085 4644085 4644085 4644085 4644085 4644085 4644085 4644085 4644085 4644085 4710632 4646882 4977625 4977625 4977625 4977625 4977625 4977625 4977625 4977625 4977625 4977625 4977625 4977625 4977625 4977625 4977625 4977625 4977625 4977625 4977625 4977625 4977625 4977625 4977625 4977625 4977625 4977625 4977625 5041127 4644075 4644075 4644075 4644075 4644075 4644075 4644075 4644075 4644075 4644075 4644075 4644075 4644075 4644075 4644075 4644075 4644075 4644075 4644075 4644075 4644075 5041127 4977625 4977625 4977625 4977625 4977625 4977625 4977625 4977625 4977625 4977625 4977625 4977625 4977625 4977625 4977625 4977625 4977625 4977625 4977625 4977625 4977625 4977625 4977625 6610893 589824 589824 589824 589824 1854562 1854562 1854562 1854562 -1 -1 -1 -1 
-1 -1 -1 -1 1854562 1854562 1854562 1854562 589824 589824 589824 589824 1533036 4644085 4644085 4644085 4644085 4644085 4644085 4644085 4644085 4644085 4644085 4644085 4644085 4644085 4644085 4644085 4644085 4644085 4644085 4644085 4644085 4646882 4977625 4977625 4977625 4977625 4977625 4977625 4977625 4977625 4977625 4977625 4977625 4977625 4977625 4977625 4977625 4977625 4977625 4977625 4977625 4977625 4977625 4977625 4977625 4977625 4977625 4977625 4977625 5041127 4644075 4644075 4644075 4644075 4644075 4644075 4644075 4644075 4644075 4644075 4644075 4644075 4644075 4644075 4644075 4644075 4644075 4644075 4644075 4644075 4644075 5041127 4977625 4977625 4977625 4977625 4977625 4977625 4974045 4974045 4974045 4974045 4974045 4974045 4977625 4977625 4977625 4977625 4977625 4977625 4977625 4977625 4977625 4977625 4977625 6610893 589824 589824 589824 589824 1854562 1854562 1854562 1854562 -1 -1 -1 -1 
-1 -1 -1 -1 1854562 1854562 1854562 1854562 589824 589824 589824 589824 1533036 4644085 4644085 4644085 4644085 4644085 4644085 4644085 4644085 4644085 4644085 4644085 4644085 4644085 4644085 4644085 4644085 4644085 4644085 4644085 4644085 4646882 4646882 4646882 4646882 4977625 4977625 4977625 4977625 4977625 4977625 4977625 4977625 4977625 4977625 4977625 4977625 4977625 4977625 4977625 4977625 4977625 4977625 4977625 4977625 4977625 4977625 4977625 4977625 5041127 5041127 5041127 5041127 5041127 5041127 5041127 5041127 5041127 5041127 5041127 5041127 5041127 5041127 5041127 5041127 5041127 5041127 5041127 5041127 5041127 5041127 5041127 4977625 4977625 4977625 4977625 4977625 4977625 4974045 4580835 4580835 4580835 4580835 4974045 4977625 4977625 4977625 4977625 4977625 4977625 4977625 4977625 4977625 4977625 4977625 6610893 589824 589824 589824 589824 1854562 1854562 1854562 1854562 -1 -1 -1 -1 
-1 -1 -1 -1 1854562 1854562 1854562 1854562 589824 589824 589824 589824 1533036 4644085 4644085 4644085 4644085 4644085 4644085 4644085 4644085 4644085 4644085 4644085 4644085 4644085 4644085 4644085 4644085 4644085 4644085 4644085 4644085 4644085 4644085 4644085 4646882 4977625 4977625 4977625 4977625 4977625 4977625 4977625 4977625 4977625 4977625 4977625 4977625 4977625 4977625 4977625 4977625 4977625 4977625 4977625 4977625 4977625 4977625 4977625 4977625 4977625 4977625 4977625 4977625 4977625 4977625 4977625 4977625 4977625 4977625 4977625 4977625 4977625 4977625 4977625 4977625 4977625 4977625 4977625 4977625 4977625 4977625 4977625 4977625 4977625 4977625 4977625 4977625 4977625 4974045 4580835 4381664 4381664 4580835 4974045 4977625 4977625 4977625 4977625 4977625 4977625 4977625 4977625 4977625 4977625 4977625 6610893 589824 589824 589824 589824 1854562 1854562 1854562 1854562 -1 -1 -1 -1 
-1 -1 -1 -1 1854562 1854562 1854562 1854562 589824 589824 589824 589824 1533036 4644085 4644085 4644085 4644085 4644085 4644085 4644085 4644085 4644085 4644085 4644085 4644085 4644085 4644085 4644085 4644085 4644085 4644085 4644085 4644085 4644085 4644085 4644085 4646882 4977625 4977625 4977625 4977625 4977625 4977625 4977625 4977625 4977625 4977625 4977625 4977625 4977625 4977625 4977625 4977625 4977625 4977625 4977625 4977625 4977625 4977625 4977625 4977625 4977625 4977625 4977625 4977625 4977625 4977625 4977625 4977625 4977625 4977625 4977625 4977625 4977625 4977625 4977625 4977625 4977625 4977625 4977625 4977625 4977625 4977625 4977625 4977625 4977625 4977625 4977625 4977625 4977625 4974045 4580835 4381664 4381664 4580835 4974045 4977625 4977625 4977625 4977625 4977625 4977625 4977625 4977625 4977625 4977625 4977625 6610893 589824 589824 589824 589824 1854562 1854562 1854562 1854562 -1 -1 -1 -1 
-1 -1 -1 -1 1854562 1854562 1854562 1854562 589824 589824 589824 589824 1533036 1533036 1533036 1533036 1533036 4644085 4644085 4644085 4644085 4644085 4644085 4644085 4644085 4644085 4644085 4644085 4644085 4644085 4644085 4644085 4644085 4644085 4644085 4644085 4646882 4977625 4977625 4977625 4977625 4977625 4977625 4977625 4977625 4977625 4977625 4977625 4977625 4977625 4977625 4977625 4977625 4977625 4977625 4977625 4977625 4977625 4977625 4977625 4977625 4977625 4977625 4977625 4977625 4977625 4977625 4977625 4977625 4977625 4977625 4977625 4977625 4977625 4977625 4977625 4977625 4977625 4977625 4977625 4977625 4977625 4977625 4977625 4977625 4977625 4977625 4977625 4977625 4977625 4974045 4580835 4580835 4580835 4580835 4974045 4977625 4977625 4977625 4977625 4977625 4977625 4977625 6610893 6610893 6610893 6610893 6610893 589824 589824 589824 589824 1854562 1854562 1854562 1854562 -1 -1 -1 -1 
-1 -1 -1 -1 -1 -1 -1 -1 1854562 1854562 1854562 1854562 589824 589824 589824 589824 1533036 4644085 4644085 4644085 4644085 3261919 3261919 3261919 3261919 3261919 3261919 3261919 3261919 4644085 4644085 4644085 4644085 4644085 4644085 4644085 4646882 4646882 4646882 4646882 4646882 4646882 4646882 4646882 4646882 4646882 4646882 4646882 4646882 4646882 4977625 4977625 4977625 4977625 4977625 4977625 4977625 4977625 4977625 4977625 4977625 4977625 4977625 4977625 4977625 4977625 4977625 4977625 4977625 4977625 4977625 4977625 4977625 4977625 4977625 4977625 4977625 4977625 4977625 4977625 4977625 4977625 4977625 4977625 4977625 4977625 4977625 4977625 4977625 4977625 4974045 4974045 4974045 4974045 4974045 4974045 4977625 4977625 4977625 4977625 4977625 4977625 4977625 6610893 589824 589824 589824 589824 1854562 1854562 1854562 1854562 -1 -1 -1 -1 -1 -1 -1 -1 
-1 -1 -1 -1 -1 -1 -1 -1 1854562 1854562 1854562 1854562 589824 589824 589824 589824 1533036 4644085 4644085 4644085 4644085 3261919 3261919 3261919 3261919 3261919 3261919 3261919 3261919 4644085 4644085 4644085 4644085 4644085 4644085 4644085 4644085 4644085 4644085 4644085 4644085 4644085 4644085 4644085 4644085 4644085 4644085 4644085 4644085 4646882 4977625 4977625 4977625 4977625 4977625 4977625 4977625 4977625 4977625 4977625 4977625 4977625 4977625 4977625 4977625 4977625 4977625 4977625 4977625 4977625 4977625 4977625 4977625 4977625 4977625 4977625 4977625 4977625 4977625 4977625 4977625 4977625 4977625 4977625 4977625 4977625 4977625 4977625 4977625 4977625 4977625 4977625 4977625 4977625 4977625 4977625 4977625 4977625 4977625 4977625 4977625 4977625 4977625 6610893 589824 589824 589824 589824 1854562 1854562 1854562 1854562 -1 -1 -1 -1 -1 -1 -1 -1 
-1 -1 -1 -1 -1 -1 -1 -1 1854562 1854562 1854562 1854562 589824 589824 589824 589824 1533036 4644085 4644085 4644085 4644085 3261919 3261919 3261919 3261919 3261919 3261919 3261919 3261919 4644085 4644085 4644085 4644085 4644085 4644085 4644085 4644085 4644085 4644085 4644085 4644085 4644085 4644085 4644085 4644085 4644085 4644085 4644085 4644085 4646882 4977625 4977625 4977625 4977625 4977625 4977625 4977625 4977625 4977625 4977625 4977625 4977625 4977625 4977625 4977625 4977625 4977625 4977625 4977625 4977625 4977625 4977625 4977625 4977625 4977625 4977625 4977625 4977625 4977625 4977625 4977625 4977625 4977625 4977625 4977625 4977625 4977625 4977625 4977625 4977625 4977625 4977625 4977625 4977625 4977625 4977625 4977625 4977625 4977625 4977625 4977625 4977625 4977625 6610893 589824 589824 589824 589824 1854562 1854562 1854562 1854562 -1 -1 -1 -1 -1 -1 -1 -1 
-1 -1 -1 -1 -1 -1 -1 -1 1854562 1854562 1854562 1854562 589824 589824 589824 589824 1533036 4644085 4644085 4644085 4644085 3261919 3261919 3261919 3261919 3261919 3261919 3261919 3261919 4644085 4644085 4644085 4644085 4644085 4644085 4644085 4644085 4644085 4644085 4644085 4644085 4644085 4644085 4644085 4644085 4644085 4644085 4644085 4644085 4646882 4977625 4977625 4977625 4977625 4977625 4977625 4977625 4977625 4977625 4977625 4977625 4977625 4977625 4977625 4977625 4977625 4977625 4977625 4977625 4977625 4977625 4977625 4977625 4977625 4977625 4977625 4977625 4977625 4977625 4977625 4977625 4977625 4977625 4977625 4977625 4977625 4977625 4977625 4977625 4977625 4977625 4977625 4977625 4977625 4977625 4977625 4977625 4977625 4977625 4977625 4977625 4977625 4977625 6610893 589824 589824 589824 589824 1854562 1854562 1854562 1854562 -1 -1 -1 -1 -1 -1 -1 -1 
-1 -1 -1 -1 -1 -1 -1 -1 1854562 1854562 1854562 1854562 589824 589824 589824 589824 1533036 4644085 4644085 4644085 4644085 3261919 3261919 3261919 3261919 3261919 3261919 3261919 3261919 4644085 4644085 4644085 4644085 4644085 4644085 4644085 4644085 4644085 4644085 4644085 4644085 4644085 4644085 4644085 4644085 4644085 4644085 4644085 4644085 4646882 4646882 4646882 4646882 4646882 4646882 4646882 4646882 4646882 4646882 4646882 4646882 4646882 4646882 4977625 4977625 4977625 4977625 4977625 4977625 4977625 4977625 4977625 4977625 4977625 4977625 4977625 4977625 4977625 4977625 4977625 4977625 4977625 4977625 4977625 4977625 4977625 4977625 4977625 4977625 4977625 4977625 4977625 4977625 4977625 4977625 4977625 4977625 4977625 4977625 4977625 4977625 4977625 4977625 6610893 589824 589824 589824 589824 1854562 1854562 1854562 1854562 -1 -1 -1 -1 -1 -1 -1 -1 
-1 -1 -1 -1 -1 -1 -1 -1 1854562 1854562 1854562 1854562 589824 589824 589824 589824 1533036 4644085 4644085 4644085 4644085 3261919 3261919 3261919 3261919 3261919 3261919 3261919 3261919 4644085 4644085 4644085 4644085 4644085 4644085 4644085 4644085 4644085 4644085 4644085 4644085 4644085 4644085 4644085 4644085 4644085 4644085 4644085 4644085 4644085 4644085 4644085 4644085 4644085 4644085 4644085 4644085 4644085 4644085 4644085 4644085 4644085 4646882 4977625 4977625 4977625 4977625 4977625 4977625 4977625 4977625 4977625 4977625 4977625 4977625 4977625 4977625 4977625 4977625 4977625 4977625 4977625 4977625 4977625 4977625 4977625 4977625 4977625 4977625 4977625 4977625 4977625 4977625 4977625 4977625 4977625 4977625 4977625 4977625 4977625 4977625 4977625 4977625 6610893 589824 589824 589824 589824 1854562 1854562 1854562 1854562 -1 -1 -1 -1 -1 -1 -1 -1 
-1 -1 -1 -1 -1 -1 -1 -1 1854562 1854562 1854562 1854562 589824 589824 589824 589824 1533036 4644085 4644085 4644085 4644085 3261919 3261919 3261919 3261919 3261919 3261919 3261919 3261919 4644085 4644085 4644085 4644085 4644085 4644085 4644085 4644085 4644085 4644085 4644085 4644085 4644085 4644085 4644085 4644085 4644085 4644085 4644085 4644085 4644085 4644085 4644085 4644085 4644085 4644085 4644085 4644085 4644085 4644085 4644085 4644085 4644085 4646882 4977625 4977625 4977625 4977625 4977625 4977625 4977625 4977625 4977625 4977625 4977625 4977625 4977625 4977625 4977625 4977625 4977625 4977625 4977625 4977625 4977625 4977625 4977625 4977625 4977625 4977625 4977625 4977625 4977625 4977625 4977625 4977625 4977625 4977625 4977625 4977625 4977625 4977625 4977625 4977625 6610893 589824 589824 589824 589824 1854562 1854562 1854562 1854562 -1 -1 -1 -1 -1 -1 -1 -1 
-1 -1 -1 -1 -1 -1 -1 -1 1854562 1854562 1854562 1854562 589824 589824 589824 589824 1533036 4644085 4644085 4644085 4644085 3261919 3261919 3261919 3261919 3261919 3261919 3261919 3261919 4644085 4644085 4644085 4644085 4644085 4644085 4644085 4644085 4644085 4644085 4644085 4644085 4644085 4644085 4644085 4644085 4644085 4644085 4644085 4644085 4644085 4644085 4644085 4644085 4644085 4644085 4644085 4644085 4644085 4644085 4644085 4644085 4644085 4646882 4977625 4977625 4977625 4977625 4977625 4977625 4977625 4977625 4977625 4977625 4977625 4977625 4977625 4977625 4977625 4977625 4977625 4977625 4977625 4977625 4977625 4977625 4977625 4977625 4977625 4977625 4977625 4977625 4977625 4977625 4977625 4977625 4977625 4977625 4977625 4977625 4977625 4977625 4977625 4977625 6610893 589824 589824 589824 589824 1854562 1854562 1854562 1854562 -1 -1 -1 -1 -1 -1 -1 -1 
-1 -1 -1 -1 -1 -1 -1 -1 1854562 1854562 1854562 1854562 589824 589824 589824 589824 6410725 6410725 6410725 6410725 6410725 4644085 4644085 4644085 4644085 4644085 4644085 4644085 4644085 4644085 4644085 4644085 4644085 4644085 4644085 4644085 4644085 4644085 4644085 4644085 4644085 4644085 4644085 4644085 4644085 4644085 4644085 4644085 4644085 3984872 3984872 3984872 3984872 3984872 3984872 3984872 3984872 3984872 3984872 3984872 3984872 3984872 3984872 4646882 4646882 4646882 4646882 4646882 4646882 4646882 4646882 4646882 4646882 4646882 4646882 4646882 4646882 4646882 4646882 4977625 4977625 4977625 4977625 4977625 4977625 4977625 4977625 4977625 4977625 4977625 4977625 4977625 4977625 4977625 4977625 4977625 4977625 4977625 4977625 1733739 1733739 1733739 1733739 1733739 589824 589824 589824 589824 1854562 1854562 1854562 1854562 -1 -1 -1 -1 -1 -1 -1 -1 
-1 -1 -1 -1 -1 -1 -1 -1 -1 -1 -1 -1 1854562 1854562 1854562 1854562 589824 589824 589824 589824 6410725 4644085 4644085 4644085 4644085 4644085 4644085 4644085 4644085 4644085 4644085 4644085 4644085 4644085 4644085 4644085 4644085 4644085 4644085 4644085 4644085 4644085 4644085 4644085 4644085 4644085 4644085 4644085 4644085 3984872 3261919 3261919 3261919 3261919 3261919 3261919 3261919 3261919 3261919 3261919 3261919 3261919 3984872 4644085 4644085 4644085 4644085 4644085 4644085 4644085 4644085 4644085 4644074 4644075 4644085 4644085 4644085 4644085 4646882 4977625 4977625 4977625 4977625 4977625 4977625 4977625 4977625 4977625 4977625 4977625 4977625 4977625 4977625 4977625 4977625 4977625 4977625 4977625 4977625 1733739 589824 589824 589824 589824 1854562 1854562 1854562 1854562 -1 -1 -1 -1 -1 -1 -1 -1 -1 -1 -1 -1 
-1 -1 -1 -1 -1 -1 -1 -1 -1 -1 -1 -1 1854562 1854562 1854562 1854562 589824 589824 589824 589824 6410725 4644085 4644085 4644085 4644085 4644085 4644085 4644085 4644085 4644085 4644085 4644085 4644085 4644085 4644085 4644085 4644085 4644085 4644085 4644085 4644085 4644085 4644085 4644085 4644085 4644085 4644085 4644085 4644085 3984872 3261919 3261919 3261919 3261919 3261919 3261919 3261919 3261919 3261919 3261919 3261919 3261919 3984872 4644085 4644085 4644085 4644085 4644085 4644085 4644085 4644085 4644085 4644085 4644085 4644085 4644085 4644085 4644085 4646882 4977625 4977625 4977625 4977625 4977625 4977625 4977625 4977625 4977625 4977625 4977625 4977625 4977625 4977625 4977625 4977625 4977625 4977625 4977625 4977625 1733739 589824 589824 589824 589824 1854562 1854562 1854562 1854562 -1 -1 -1 -1 -1 -1 -1 -1 -1 -1 -1 -1 
-1 -1 -1 -1 -1 -1 -1 -1 -1 -1 -1 -1 1854562 1854562 1854562 1854562 589824 589824 589824 589824 6410725 4644085 4644085 4644085 4644085 4644085 4644085 4644085 4644085 4644085 4644085 4644085 4644085 4644085 4644085 4644085 4644085 4644085 4644085 4644085 4644085 4644085 4644085 4644085 4644085 4644085 4644085 4644085 4644085 3984872 3261919 3261919 3261919 3261919 3261919 3261919 3261919 3261919 3261919 3261919 3261919 3261919 3984872 4644085 4644085 4644085 4644085 4644085 4644085 4644085 4644085 4644085 4644085 4644085 4644085 4644085 4644085 4644085 4646882 4977625 4977625 4977625 4977625 4977625 4977625 4977625 4977625 4977625 4977625 4977625 4977625 4977625 4977625 4977625 4977625 4977625 4977625 4977625 4977625 1733739 589824 589824 589824 589824 1854562 1854562 1854562 1854562 -1 -1 -1 -1 -1 -1 -1 -1 -1 -1 -1 -1 
-1 -1 -1 -1 -1 -1 -1 -1 -1 -1 -1 -1 1854562 1854562 1854562 1854562 589824 589824 589824 589824 6410725 6410725 6410725 6410725 6410725 6410725 4644085 4644085 4644085 4644085 4644085 4644085 4644085 4644085 4644085 4644085 4644085 4644085 4644085 4644085 4644085 4644085 4644085 4644085 4644085 3984872 3984872 3984872 3984872 3984872 3261919 3261919 3261919 3261919 3261919 3261919 3261919 3261919 3261919 3261919 3261919 3261919 3984872 3984872 3984872 3984872 3984872 4644085 4644085 4644085 4644085 4644085 4644085 4644085 4644085 4644085 4644085 4644085 4646882 4646882 4646882 4646882 4646882 4646882 4646882 4646882 4646882 4646882 4646882 4646882 4646882 4646882 4646882 4646882 4646882 1733739 1733739 1733739 1733739 1733739 589824 589824 589824 589824 1854562 1854562 1854562 1854562 -1 -1 -1 -1 -1 -1 -1 -1 -1 -1 -1 -1 
-1 -1 -1 -1 -1 -1 -1 -1 -1 -1 -1 -1 -1 -1 -1 -1 1854562 1854562 1854562 1854562 589824 589824 589824 589824 589824 6410725 4644085 4644085 4644085 4644085 4644085 4644085 4644085 4644085 4644085 4644085 4644085 4644085 4644085 4644085 4644085 4644085 4644085 4644085 4644085 3984872 3261919 3261919 3261919 3261919 3261919 3261919 3196126 3261919 3130846 3261919 3261919 3261919 3261919 3261919 3261919 3261919 3261919 3261919 3261919 3261919 3984872 4644085 4644085 4644085 4644085 4644085 4644085 4644085 4644085 4644085 4644085 4644085 4644085 4644085 4644085 4644085 4644085 4644085 4644085 4644085 4644085 4905968 4644085 4644085 4644085 4644085 4644085 4644085 4644085 1733739 589824 589824 589824 589824 1854562 1854562 1854562 1854562 -1 -1 -1 -1 -1 -1 -1 -1 -1 -1 -1 -1 -1 -1 -1 -1 
-1 -1 -1 -1 -1 -1 -1 -1 -1 -1 -1 -1 -1 -1 -1 -1 1854562 1854562 1854562 1854562 589824 589824 589824 589824 589824 6410725 4644085 4644085 4644085 4644085 4644085 4644085 4644085 4644085 4644085 4644085 4644085 4644085 4644085 4644085 4644085 4644085 4644085 4644085 4644085 3984872 3261919 3261919 3261919 3261919 3261919 3261919 3261919 3261919 3261919 3261919 3261919 3261919 3261919 3261919 3261919 3195611 3261919 3261919 3261919 3261919 3984872 4644085 4644085 4644085 4644085 4644085 4644085 4644085 4644085 4644085 4644085 4644085 4644085 4644085 4644085 4644085 4644085 4644085 4644085 4644085 4644085 5102074 4644085 4644085 4644085 4644085 4644085 4644085 4644085 1733739 589824 589824 589824 589824 1854562 1854562 1854562 1854562 -1 -1 -1 -1 -1 -1 -1 -1 -1 -1 -1 -1 -1 -1 -1 -1 
-1 -1 -1 -1 -1 -1 -1 -1 -1 -1 -1 -1 -1 -1 -1 -1 1854562 1854562 1854562 1854562 589824 589824 589824 589824 589824 6410725 4644085 4644085 4644085 4644085 4644085 4644085 4644085 4644085 4644085 4644085 4644085 4644085 4644085 4644085 4644085 4644085 4644085 4644085 4644085 3984872 3261919 3261919 3261919 3261919 3261919 3261919 3261919 3261919 3261919 3261919 3261919 3261919 3261919 3261919 3261919 3261919 3261919 3261919 3261919 3261919 3984872 4644085 4644085 4644085 4644085 4644085 4644085 4644085 4644085 4644085 4644085 4644085 4644085 4644085 4644085 4644085 4644085 4644085 4644085 4644085 4644085 4644085 4644085 4644085 4644085 4644085 4644085 4644085 4644085 1733739 589824 589824 589824 589824 1854562 1854562 1854562 1854562 -1 -1 -1 -1 -1 -1 -1 -1 -1 -1 -1 -1 -1 -1 -1 -1 
-1 -1 -1 -1 -1 -1 -1 -1 -1 -1 -1 -1 -1 -1 -1 -1 1854562 1854562 1854562 1854562 589824 589824 589824 589824 589824 6410725 6410725 6410725 6410725 6410725 4644085 4644085 4644085 4644085 4644085 4644085 4644085 4644085 4644085 4644085 4644085 4644085 4644085 4644085 4644085 3984872 3261919 3261919 3261919 3261919 3261919 3261919 3261919 3261919 3261919 3261919 3261919 3261919 3261919 3261919 3261919 3261919 3261919 3261919 3261919 3261919 3984872 4644085 4644085 4644085 4644085 4644085 4644085 4644085 4644085 4644085 4644085 4644085 4644085 3065312 3065312 3065312 3065312 4644085 4644085 4644085 4644085 4644085 4644085 4644085 1733739 1733739 1733739 1733739 1733739 1733739 589824 589824 589824 589824 1854562 1854562 1854562 1854562 -1 -1 -1 -1 -1 -1 -1 -1 -1 -1 -1 -1 -1 -1 -1 -1 
-1 -1 -1 -1 -1 -1 -1 -1 -1 -1 -1 -1 -1 -1 -1 -1 -1 -1 -1 -1 1854562 1854562 1854562 1854562 1854562 589824 589824 589824 589824 6410725 4644085 4644085 4644085 4644085 4644085 4644085 4644085 4644085 4644085 4644085 4644085 4644085 4644085 4644085 4644085 3984872 3261919 3261919 3261919 3261919 3261919 3261919 3261919 3261919 3261919 3261919 3261919 3261919 3261919 3261919 3261919 3261919 3261919 3261919 3261919 3261919 3984872 4644085 4644085 4644085 4644085 4644085 4644085 4644085 4644085 4644085 4644085 4644085 4644085 3065312 3065312 3065312 3065312 4644085 4644085 4644085 4644085 4644085 4644085 4644085 1733739 589824 589824 589824 589824 589824 1854562 1854562 1854562 1854562 -1 -1 -1 -1 -1 -1 -1 -1 -1 -1 -1 -1 -1 -1 -1 -1 -1 -1 -1 -1 
-1 -1 -1 -1 -1 -1 -1 -1 -1 -1 -1 -1 -1 -1 -1 -1 -1 -1 -1 -1 1854562 1854562 1854562 1854562 1854562 589824 589824 589824 589824 6410725 4644085 4644085 4644085 4644085 4644085 4644085 4644085 4644085 4644085 4644085 4644085 4644085 4644085 4644085 4644085 3984872 3261919 3261919 3261919 3261919 3261919 3261919 3261919 3261919 3261919 3261919 3261919 3261919 3261919 3261919 3261919 3261919 3261919 3261919 3261919 3261919 3984872 4644085 4644085 4644085 4644085 4644085 4644085 4644085 4644085 4644085 4644085 4644085 4644085 3065312 3065312 3065312 3065312 4644085 4644085 4644085 4644085 4644085 4644085 4644085 1733739 589824 589824 589824 589824 589824 1854562 1854562 1854562 1854562 -1 -1 -1 -1 -1 -1 -1 -1 -1 -1 -1 -1 -1 -1 -1 -1 -1 -1 -1 -1 
-1 -1 -1 -1 -1 -1 -1 -1 -1 -1 -1 -1 -1 -1 -1 -1 -1 -1 -1 -1 1854562 1854562 1854562 1854562 1854562 589824 589824 589824 589824 6410725 4644085 4644085 4644085 4644085 4644085 4644085 4644085 4644085 4644085 4644085 4644085 4644085 4644085 4644085 4644085 3984872 3261919 3261919 3261919 3261919 3261919 3261919 3261919 3261919 3261919 3261919 3261919 3261919 3261919 3261919 3261919 3261919 3261919 3261919 3261919 3261919 3984872 4644085 4644085 4644085 4644085 4644085 4644085 4644085 4644085 4644085 4644085 4644085 4644085 3065312 3065312 3065312 3065312 4644085 4644085 4644085 4644085 4644085 4644085 4644085 1733739 589824 589824 589824 589824 589824 1854562 1854562 1854562 1854562 -1 -1 -1 -1 -1 -1 -1 -1 -1 -1 -1 -1 -1 -1 -1 -1 -1 -1 -1 -1 
-1 -1 -1 -1 -1 -1 -1 -1 -1 -1 -1 -1 -1 -1 -1 -1 -1 -1 -1 -1 1854562 1854562 1854562 1854562 1854562 589824 589824 589824 589824 6410725 6410725 6410725 6410725 6410725 6410725 6410725 6410725 6410725 4644085 4644085 4644085 4644085 4644085 4644085 4644085 3984872 3261919 3261919 3261919 3261919 3261919 3261919 3261919 3261919 3261919 3261919 3261919 3261919 3261919 3261919 3261919 3261919 3261919 3261919 3261919 3261919 3984872 4644085 4644085 4644085 4644085 4644085 4644085 4644085 4644085 4644085 4644085 4644085 4644085 4644085 4644085 4644085 6410725 6410725 6410725 6410725 6410725 6410725 6410725 6410725 1733739 589824 589824 589824 589824 589824 1854562 1854562 1854562 1854562 -1 -1 -1 -1 -1 -1 -1 -1 -1 -1 -1 -1 -1 -1 -1 -1 -1 -1 -1 -1 
-1 -1 -1 -1 -1 -1 -1 -1 -1 -1 -1 -1 -1 -1 -1 -1 -1 -1 -1 -1 -1 -1 -1 -1 -1 1854562 1854562 1854562 1854562 589824 589824 589824 589824 589824 589824 589824 589824 6410725 4644085 4644085 4644085 4644085 4644085 4644085 4644085 3984872 3261919 3261919 3261919 3261919 3261919 3261919 3261919 3261919 3261919 3261919 3261919 3261919 3261919 3261919 3261919 3261919 3261919 3261919 3261919 3261919 3984872 4644085 4644085 4644085 4644085 4644085 4644085 4644085 4644085 4644085 4644085 4644085 4644085 4644085 4644085 4644085 6410725 589824 589824 589824 589824 589824 589824 589824 589824 1854562 1854562 1854562 1854562 1854562 -1 -1 -1 -1 -1 -1 -1 -1 -1 -1 -1 -1 -1 -1 -1 -1 -1 -1 -1 -1 -1 -1 -1 -1 
-1 -1 -1 -1 -1 -1 -1 -1 -1 -1 -1 -1 -1 -1 -1 -1 -1 -1 -1 -1 -1 -1 -1 -1 -1 1854562 1854562 1854562 1854562 589824 589824 589824 589824 589824 589824 589824 589824 6410725 4644085 4644085 4644085 4644085 4644085 4644085 4644085 3984872 3261919 3261919 3261919 3261919 3261919 3196639 3261919 3261919 3261919 3261919 3261919 3261919 3261919 3261919 3261919 3261919 3261919 3261919 3261919 3261919 3984872 4644085 4644085 4644085 4644085 4644085 4644085 4644085 4644085 4644085 4644085 4644085 4644085 4644085 4644085 4644085 6410725 589824 589824 589824 589824 589824 589824 589824 589824 1854562 1854562 1854562 1854562 1854562 -1 -1 -1 -1 -1 -1 -1 -1 -1 -1 -1 -1 -1 -1 -1 -1 -1 -1 -1 -1 -1 -1 -1 -1 
-1 -1 -1 -1 -1 -1 -1 -1 -1 -1 -1 -1 -1 -1 -1 -1 -1 -1 -1 -1 -1 -1 -1 -1 -1 1854562 1854562 1854562 1854562 589824 589824 589824 589824 589824 589824 589824 589824 6410725 4644085 4644085 4644085 4644085 4644085 4644085 4644085 3984872 3261919 3261919 3261919 3261919 3261919 3131359 3261919 3261919 3261919 3261919 3261919 3261919 3261919 3261919 3261919 3261919 3261919 3261919 3261919 3261919 3984872 4644085 4644085 4644085 4644085 4644085 4644085 4644085 4644085 4644085 4644085 4644085 4644085 4644085 4644085 4644085 6410725 589824 589824 589824 589824 589824 589824 589824 589824 1854562 1854562 1854562 1854562 1854562 -1 -1 -1 -1 -1 -1 -1 -1 -1 -1 -1 -1 -1 -1 -1 -1 -1 -1 -1 -1 -1 -1 -1 -1 
-1 -1 -1 -1 -1 -1 -1 -1 -1 -1 -1 -1 -1 -1 -1 -1 -1 -1 -1 -1 -1 -1 -1 -1 -1 1854562 1854562 1854562 1854562 589824 589824 589824 589824 589824 589824 589824 589824 6410725 6410725 6410725 6410725 6410725 6410725 6410725 6410725 6410725 6410725 3261919 3261919 3261919 3261919 3261919 3261919 3261919 3261919 3261919 3261919 3261919 3261919 3261919 3261919 3261919 3261919 3261919 3261919 3261919 3984872 4644085 4644085 4644085 4644085 4644085 4644085 4644085 6410725 6410725 6410725 6410725 6410725 6410725 6410725 6410725 6410725 589824 589824 589824 589824 589824 589824 589824 589824 1854562 1854562 1854562 1854562 1854562 -1 -1 -1 -1 -1 -1 -1 -1 -1 -1 -1 -1 -1 -1 -1 -1 -1 -1 -1 -1 -1 -1 -1 -1 
-1 -1 -1 -1 -1 -1 -1 -1 -1 -1 -1 -1 -1 -1 -1 -1 -1 -1 -1 -1 -1 -1 -1 -1 -1 -1 -1 -1 -1 1854562 1854562 1854562 1854562 1854562 1854562 1854562 1854562 589824 589824 589824 589824 589824 589824 589824 589824 589824 6410725 3984872 3984872 3984872 3261919 3261919 3261919 3261919 3261919 3261919 3261919 3261919 3261919 3261919 3261919 3261919 3984872 3984872 3984872 3984872 3984872 4644085 4644085 4644085 4644085 4644085 4644085 4644085 6410725 589824 589824 589824 589824 589824 589824 589824 589824 1854562 1854562 1854562 1854562 1854562 1854562 1854562 1854562 -1 -1 -1 -1 -1 -1 -1 -1 -1 -1 -1 -1 -1 -1 -1 -1 -1 -1 -1 -1 -1 -1 -1 -1 -1 -1 -1 -1 -1 
-1 -1 -1 -1 -1 -1 -1 -1 -1 -1 -1 -1 -1 -1 -1 -1 -1 -1 -1 -1 -1 -1 -1 -1 -1 -1 -1 -1 -1 1854562 1854562 1854562 1854562 1854562 1854562 1854562 1854562 589824 589824 589824 589824 589824 589824 589824 589824 589824 6410725 4644085 4644085 3984872 3261919 3261919 3261919 3261919 3261919 3261919 3261919 3261919 3261919 3261919 3261919 3261919 3984872 4644085 4644085 4644085 4644085 4644085 4644085 4644085 4644085 4644085 4644085 4644085 6410725 589824 589824 589824 589824 589824 589824 589824 589824 1854562 1854562 1854562 1854562 1854562 1854562 1854562 1854562 -1 -1 -1 -1 -1 -1 -1 -1 -1 -1 -1 -1 -1 -1 -1 -1 -1 -1 -1 -1 -1 -1 -1 -1 -1 -1 -1 -1 -1 
-1 -1 -1 -1 -1 -1 -1 -1 -1 -1 -1 -1 -1 -1 -1 -1 -1 -1 -1 -1 -1 -1 -1 -1 -1 -1 -1 -1 -1 1854562 1854562 1854562 1854562 1854562 1854562 1854562 1854562 589824 589824 589824 589824 589824 589824 589824 589824 589824 6410725 4644085 4644085 3984872 3261919 3261919 3261919 3261919 3261919 3261919 3261919 3261919 3261919 3261919 3261919 3261919 3984872 4644085 4644085 4644085 4644085 4644085 4644085 4644085 4644085 4644085 4644085 4644085 6410725 589824 589824 589824 589824 589824 589824 589824 589824 1854562 1854562 1854562 1854562 1854562 1854562 1854562 1854562 -1 -1 -1 -1 -1 -1 -1 -1 -1 -1 -1 -1 -1 -1 -1 -1 -1 -1 -1 -1 -1 -1 -1 -1 -1 -1 -1 -1 -1 
-1 -1 -1 -1 -1 -1 -1 -1 -1 -1 -1 -1 -1 -1 -1 -1 -1 -1 -1 -1 -1 -1 -1 -1 -1 -1 -1 -1 -1 1854562 1854562 1854562 1854562 1854562 1854562 1854562 1854562 589824 589824 589824 589824 589824 589824 589824 589824 589824 6410725 6410725 6410725 6410725 6410725 6410725 6410725 6410725 6410725 6410725 6410725 6410725 6410725 6410725 6410725 6410725 6410725 6410725 6410725 6410725 6410725 6410725 6410725 6410725 6410725 6410725 6410725 6410725 6410725 589824 589824 589824 589824 589824 589824 589824 589824 1854562 1854562 1854562 1854562 1854562 1854562 1854562 1854562 -1 -1 -1 -1 -1 -1 -1 -1 -1 -1 -1 -1 -1 -1 -1 -1 -1 -1 -1 -1 -1 -1 -1 -1 -1 -1 -1 -1 -1 
-1 -1 -1 -1 -1 -1 -1 -1 -1 -1 -1 -1 -1 -1 -1 -1 -1 -1 -1 -1 -1 -1 -1 -1 -1 -1 -1 -1 -1 -1 -1 -1 -1 -1 -1 -1 -1 1854562 1854562 1854562 1854562 1854562 1854562 1854562 1854562 1854562 589824 589824 589824 589824 589824 589824 589824 589824 589824 589824 589824 589824 589824 589824 589824 589824 589824 589824 589824 589824 589824 589824 589824 589824 589824 589824 589824 589824 589824 1854562 1854562 1854562 1854562 1854562 1854562 1854562 1854562 -1 -1 -1 -1 -1 -1 -1 -1 -1 -1 -1 -1 -1 -1 -1 -1 -1 -1 -1 -1 -1 -1 -1 -1 -1 -1 -1 -1 -1 -1 -1 -1 -1 -1 -1 -1 -1 
-1 -1 -1 -1 -1 -1 -1 -1 -1 -1 -1 -1 -1 -1 -1 -1 -1 -1 -1 -1 -1 -1 -1 -1 -1 -1 -1 -1 -1 -1 -1 -1 -1 -1 -1 -1 -1 1854562 1854562 1854562 1854562 1854562 1854562 1854562 1854562 1854562 589824 589824 589824 589824 589824 589824 589824 589824 589824 589824 589824 589824 589824 589824 589824 589824 589824 589824 589824 589824 589824 589824 589824 589824 589824 589824 589824 589824 589824 1854562 1854562 1854562 1854562 1854562 1854562 1854562 1854562 -1 -1 -1 -1 -1 -1 -1 -1 -1 -1 -1 -1 -1 -1 -1 -1 -1 -1 -1 -1 -1 -1 -1 -1 -1 -1 -1 -1 -1 -1 -1 -1 -1 -1 -1 -1 -1 
-1 -1 -1 -1 -1 -1 -1 -1 -1 -1 -1 -1 -1 -1 -1 -1 -1 -1 -1 -1 -1 -1 -1 -1 -1 -1 -1 -1 -1 -1 -1 -1 -1 -1 -1 -1 -1 1854562 1854562 1854562 1854562 1854562 1854562 1854562 1854562 1854562 589824 589824 589824 589824 589824 589824 589824 589824 589824 589824 589824 589824 589824 589824 589824 589824 589824 589824 589824 589824 589824 589824 589824 589824 589824 589824 589824 589824 589824 1854562 1854562 1854562 1854562 1854562 1854562 1854562 1854562 -1 -1 -1 -1 -1 -1 -1 -1 -1 -1 -1 -1 -1 -1 -1 -1 -1 -1 -1 -1 -1 -1 -1 -1 -1 -1 -1 -1 -1 -1 -1 -1 -1 -1 -1 -1 -1 
-1 -1 -1 -1 -1 -1 -1 -1 -1 -1 -1 -1 -1 -1 -1 -1 -1 -1 -1 -1 -1 -1 -1 -1 -1 -1 -1 -1 -1 -1 -1 -1 -1 -1 -1 -1 -1 1854562 1854562 1854562 1854562 1854562 1854562 1854562 1854562 1854562 589824 589824 589824 589824 589824 589824 589824 589824 589824 589824 589824 589824 589824 589824 589824 589824 589824 589824 589824 589824 589824 589824 589824 589824 589824 589824 589824 589824 589824 1854562 1854562 1854562 1854562 1854562 1854562 1854562 1854562 -1 -1 -1 -1 -1 -1 -1 -1 -1 -1 -1 -1 -1 -1 -1 -1 -1 -1 -1 -1 -1 -1 -1 -1 -1 -1 -1 -1 -1 -1 -1 -1 -1 -1 -1 -1 -1 
-1 -1 -1 -1 -1 -1 -1 -1 -1 -1 -1 -1 -1 -1 -1 -1 -1 -1 -1 -1 -1 -1 -1 -1 -1 -1 -1 -1 -1 -1 -1 -1 -1 -1 -1 -1 -1 -1 -1 -1 -1 -1 -1 -1 -1 -1 1854562 1854562 1854562 1854562 1854562 1854562 1854562 1854562 1854562 1854562 1854562 1854562 1854562 1854562 1854562 1854562 1854562 1854562 1854562 1854562 1854562 1854562 1854562 1854562 1854562 1854562 1854562 1854562 1854562 -1 -1 -1 -1 -1 -1 -1 -1 -1 -1 -1 -1 -1 -1 -1 -1 -1 -1 -1 -1 -1 -1 -1 -1 -1 -1 -1 -1 -1 -1 -1 -1 -1 -1 -1 -1 -1 -1 -1 -1 -1 -1 -1 -1 -1 
-1 -1 -1 -1 -1 -1 -1 -1 -1 -1 -1 -1 -1 -1 -1 -1 -1 -1 -1 -1 -1 -1 -1 -1 -1 -1 -1 -1 -1 -1 -1 -1 -1 -1 -1 -1 -1 -1 -1 -1 -1 -1 -1 -1 -1 -1 1854562 1854562 1854562 1854562 1854562 1854562 1854562 1854562 1854562 1854562 1854562 1854562 1854562 1854562 1854562 1854562 1854562 1854562 1854562 1854562 1854562 1854562 1854562 1854562 1854562 1854562 1854562 1854562 1854562 -1 -1 -1 -1 -1 -1 -1 -1 -1 -1 -1 -1 -1 -1 -1 -1 -1 -1 -1 -1 -1 -1 -1 -1 -1 -1 -1 -1 -1 -1 -1 -1 -1 -1 -1 -1 -1 -1 -1 -1 -1 -1 -1 -1 -1 
-1 -1 -1 -1 -1 -1 -1 -1 -1 -1 -1 -1 -1 -1 -1 -1 -1 -1 -1 -1 -1 -1 -1 -1 -1 -1 -1 -1 -1 -1 -1 -1 -1 -1 -1 -1 -1 -1 -1 -1 -1 -1 -1 -1 -1 -1 1854562 1854562 1854562 1854562 1854562 1854562 1854562 1854562 1854562 1854562 1854562 1854562 1854562 1854562 1854562 1854562 1854562 1854562 1854562 1854562 1854562 1854562 1854562 1854562 1854562 1854562 1854562 1854562 1854562 -1 -1 -1 -1 -1 -1 -1 -1 -1 -1 -1 -1 -1 -1 -1 -1 -1 -1 -1 -1 -1 -1 -1 -1 -1 -1 -1 -1 -1 -1 -1 -1 -1 -1 -1 -1 -1 -1 -1 -1 -1 -1 -1 -1 -1 
-1 -1 -1 -1 -1 -1 -1 -1 -1 -1 -1 -1 -1 -1 -1 -1 -1 -1 -1 -1 -1 -1 -1 -1 -1 -1 -1 -1 -1 -1 -1 -1 -1 -1 -1 -1 -1 -1 -1 -1 -1 -1 -1 -1 -1 -1 1854562 1854562 1854562 1854562 1854562 1854562 1854562 1854562 1854562 1854562 1854562 1854562 1854562 1854562 1854562 1854562 1854562 1854562 1854562 1854562 1854562 1854562 1854562 1854562 1854562 1854562 1854562 1854562 1854562 -1 -1 -1 -1 -1 -1 -1 -1 -1 -1 -1 -1 -1 -1 -1 -1 -1 -1 -1 -1 -1 -1 -1 -1 -1 -1 -1 -1 -1 -1 -1 -1 -1 -1 -1 -1 -1 -1 -1 -1 -1 -1 -1 -1 -1 
