10 9
-1 -1 230875 230875 230875 230875 230875 -1 -1 
-1 230875 16711423 16711679 16711679 16711679 16711679 230875 -1 
230875 16317693 243967 243967 243967 243967 243967 16383486 230362 
230875 16383486 46847 112639 112639 112639 112639 16645887 230875 
230875 16383486 46847 112639 112639 112639 112639 16645887 230875 
230875 16318206 46847 47359 112639 112639 112639 16645887 296155 
230875 16383486 47359 178431 112639 112639 178431 16711423 230875 
-1 230875 16383486 47359 47359 47103 16383999 230875 -1 
-1 -1 230875 16383486 16383486 16383486 230875 -1 -1 
-1 -1 -1 230875 230875 230875 -1 -1 -1 
