12 11
-1 -1 -1 -1 -1 3026014 -1 -1 -1 3027302 -1 
-1 -1 -1 -1 -1 4089013 -1 -1 -1 -1 -1 
-1 3027043 -1 -1 -1 165084 -1 -1 -1 -1 -1 
-1 -1 -1 -1 3026014 162261 3026014 -1 -1 -1 -1 
-1 -1 -1 2960735 3369661 177919 3369661 2960735 -1 -1 -1 
-1 -1 2960735 3631803 165084 177919 165084 3693217 3026014 -1 -1 
3026014 3758498 1731265 177919 47359 165084 177919 177919 165084 3758498 3026014 
-1 -1 3026014 3500476 165084 112639 165084 3500476 3026014 -1 -1 
-1 -1 -1 3026014 3500476 112639 3500476 3026014 -1 -1 -1 
-1 -1 -1 -1 3026014 165084 3026014 -1 -1 -1 -1 
-1 3026014 -1 -1 -1 4089013 -1 -1 -1 -1 3026014 
-1 -1 -1 -1 -1 3026014 -1 -1 -1 -1 -1 
