80 76
-1 -1 -1 -1 -1 -1 -1 -1 -1 -1 -1 -1 -1 -1 -1 -1 -1 -1 -1 -1 -1 -1 -1 -1 -1 13156591 13156591 13156591 13156591 13156591 13156591 13156591 13156591 13156591 13156591 13156591 13156591 13156591 13156591 13156591 13156591 13156591 13156591 13156591 13156591 13156591 13156591 13156591 13156591 13156591 13156591 -1 -1 -1 -1 -1 -1 -1 -1 -1 -1 -1 -1 -1 -1 -1 -1 -1 -1 -1 -1 -1 -1 -1 -1 -1 
-1 -1 -1 -1 -1 -1 -1 -1 -1 -1 -1 -1 -1 -1 -1 -1 -1 -1 -1 -1 -1 -1 -1 -1 -1 13156591 13156591 13156591 13156591 13156591 13156591 13156591 13156591 13156591 13156591 13156591 13156591 13156591 13156591 13156591 13156591 13156591 13156591 13156591 13156591 13156591 13156591 13156591 13156591 13156591 13156591 -1 -1 -1 -1 -1 -1 -1 -1 -1 -1 -1 -1 -1 -1 -1 -1 -1 -1 -1 -1 -1 -1 -1 -1 -1 
-1 -1 -1 -1 -1 -1 -1 -1 -1 -1 -1 -1 -1 -1 -1 -1 -1 -1 -1 -1 -1 -1 -1 -1 -1 13156591 13156591 13156591 13156591 13156591 13156591 13156591 13156591 13156591 13156591 13156591 13156591 13156591 13156591 13156591 13156591 13156591 13156591 13156591 13156591 13156591 13156591 13156591 13156591 13156591 13156591 -1 -1 -1 -1 -1 -1 -1 -1 -1 -1 -1 -1 -1 -1 -1 -1 -1 -1 -1 -1 -1 -1 -1 -1 -1 
-1 -1 -1 -1 -1 -1 -1 -1 -1 -1 -1 -1 -1 -1 -1 -1 -1 -1 -1 -1 -1 -1 -1 -1 -1 13156591 13156591 13156591 13156591 13156591 13156591 13156591 13156591 13156591 13156591 13156591 13156591 13156591 13156591 13156591 13156591 13156591 13156591 13156591 13156591 13156591 13156591 13156591 13156591 13156591 13156591 -1 -1 -1 -1 -1 -1 -1 -1 -1 -1 -1 -1 -1 -1 -1 -1 -1 -1 -1 -1 -1 -1 -1 -1 -1 
-1 -1 -1 -1 -1 -1 -1 -1 -1 -1 -1 -1 -1 -1 -1 -1 -1 13156591 13156591 13156591 13156591 13156591 13156591 13156591 13156591 -1 -1 -1 -1 -1 -1 -1 -1 -1 -1 -1 -1 -1 -1 -1 -1 -1 -1 -1 -1 -1 -1 -1 -1 -1 -1 13156591 13156591 13156591 13156591 13156591 13156591 13156591 13156591 -1 -1 -1 -1 -1 -1 -1 -1 -1 -1 -1 -1 -1 -1 -1 -1 -1 
-1 -1 -1 -1 -1 -1 -1 -1 -1 -1 -1 -1 -1 -1 -1 -1 -1 13156591 13156591 13156591 13156591 13156591 13156591 13156591 13156591 -1 -1 -1 -1 -1 -1 -1 -1 -1 -1 -1 -1 -1 -1 -1 -1 -1 -1 -1 -1 -1 -1 -1 -1 -1 -1 13156591 13156591 13156591 13156591 13156591 13156591 13156591 13156591 -1 -1 -1 -1 -1 -1 -1 -1 -1 -1 -1 -1 -1 -1 -1 -1 -1 
-1 -1 -1 -1 -1 -1 -1 -1 -1 -1 -1 -1 -1 -1 -1 -1 -1 13156591 13156591 13156591 13156591 13156591 13156591 13156591 13156591 -1 -1 -1 -1 -1 -1 -1 -1 -1 -1 -1 -1 -1 -1 -1 -1 -1 -1 -1 -1 -1 -1 -1 -1 -1 -1 13156591 13156591 13156591 13156591 13156591 13156591 13156591 13156591 -1 -1 -1 -1 -1 -1 -1 -1 -1 -1 -1 -1 -1 -1 -1 -1 -1 
-1 -1 -1 -1 -1 -1 -1 -1 -1 -1 -1 -1 -1 -1 -1 -1 -1 13156591 13156591 13156591 13156591 13156591 13156591 13156591 13156591 -1 -1 -1 -1 -1 -1 -1 -1 -1 -1 -1 -1 -1 -1 -1 -1 -1 -1 -1 -1 -1 -1 -1 -1 -1 -1 13156591 13156591 13156591 13156591 13156591 13156591 13156591 13156591 -1 -1 -1 -1 -1 -1 -1 -1 -1 -1 -1 -1 -1 -1 -1 -1 -1 
-1 -1 -1 -1 -1 -1 -1 -1 -1 -1 -1 -1 13156591 13156591 13156591 13156591 13156591 16774655 16774655 16774655 16774655 -1 -1 -1 -1 -1 -1 -1 -1 -1 -1 -1 -1 -1 -1 -1 -1 -1 -1 -1 -1 -1 -1 -1 -1 -1 -1 -1 -1 -1 -1 -1 -1 -1 -1 -1 -1 -1 -1 13156591 13156591 13156591 13156591 -1 -1 -1 -1 -1 -1 -1 -1 -1 -1 -1 -1 -1 
-1 -1 -1 -1 -1 -1 -1 -1 -1 -1 -1 -1 13156591 13156591 13156591 13156591 13156591 16774655 16774655 16774655 16774655 -1 -1 -1 -1 -1 -1 -1 -1 -1 16240918 16240918 16240918 16240918 16240918 16240918 16240918 16240918 16240918 16240918 16240918 16240918 14065438 14065438 14065438 14065438 -1 -1 -1 -1 -1 -1 -1 -1 -1 -1 -1 -1 -1 13156591 13156591 13156591 13156591 -1 -1 -1 -1 -1 -1 -1 -1 -1 -1 -1 -1 -1 
-1 -1 -1 -1 -1 -1 -1 -1 -1 -1 -1 -1 13156591 13156591 13156591 13156591 13156591 16774655 16774655 16774655 16774655 -1 -1 -1 -1 -1 -1 -1 -1 -1 16240918 16240918 16240918 16240918 16240918 16240918 16240918 16240918 16240918 16240918 16240918 16240918 14065438 14065438 14065438 14065438 -1 -1 -1 -1 -1 -1 -1 -1 -1 -1 -1 -1 -1 13156591 13156591 13156591 13156591 -1 -1 -1 -1 -1 -1 -1 -1 -1 -1 -1 -1 -1 
-1 -1 -1 -1 -1 -1 -1 -1 -1 -1 -1 -1 13156591 13156591 13156591 13156591 13156591 16774655 16774655 16774655 16774655 -1 -1 -1 -1 -1 -1 -1 -1 -1 16240918 16240918 16240918 16240918 16240918 16240918 16240918 16240918 16240918 16240918 16240918 16240918 14065438 14065438 14065438 14065438 -1 -1 -1 -1 -1 -1 -1 -1 -1 -1 -1 -1 -1 13156591 13156591 13156591 13156591 -1 -1 -1 -1 -1 -1 -1 -1 -1 -1 -1 -1 -1 
-1 -1 -1 -1 -1 -1 -1 -1 -1 -1 -1 -1 13156591 13156591 13156591 13156591 13156591 16774655 16774655 16774655 16774655 -1 -1 -1 -1 -1 -1 -1 -1 -1 16240918 16240918 16240918 16240918 16240918 16240918 16240918 16240918 16240918 16240918 16240918 16240918 14065438 14065438 14065438 14065438 -1 -1 -1 -1 -1 -1 -1 -1 -1 -1 -1 -1 -1 13156591 13156591 13156591 13156591 -1 -1 -1 -1 -1 -1 -1 -1 -1 -1 -1 -1 -1 
-1 -1 -1 -1 -1 -1 -1 -1 13156591 13156591 13156591 13156591 16774655 16774655 16774655 16774655 16774655 -1 -1 -1 -1 -1 -1 -1 -1 -1 15457096 15457096 15457096 15457096 16240918 16240918 16240918 16240918 16240918 16240918 16240918 16240918 16240918 16240918 16240918 16240918 14065438 14065438 14065438 14065438 14065438 14065438 14065438 14065438 14065438 -1 -1 -1 -1 -1 -1 -1 -1 -1 -1 -1 -1 13156591 13156591 13156591 13156591 13156591 -1 -1 -1 -1 -1 -1 -1 -1 
-1 -1 -1 -1 -1 -1 -1 -1 13156591 13156591 13156591 13156591 16774655 16774655 16774655 16774655 16774655 -1 -1 -1 -1 -1 -1 -1 -1 -1 15457096 15457096 15457096 15457096 16240918 16240918 16240918 16240918 16240918 16240918 16240918 16240918 16240918 16240918 16240918 16240918 14065438 14065438 14065438 14065438 14065438 14065438 14065438 14065438 14065438 -1 -1 -1 -1 -1 -1 -1 -1 -1 -1 -1 -1 13156591 13156591 13156591 13156591 13156591 -1 -1 -1 -1 -1 -1 -1 -1 
-1 -1 -1 -1 -1 -1 -1 -1 13156591 13156591 13156591 13156591 16774655 16774655 16774655 16774655 16774655 -1 -1 -1 -1 -1 -1 -1 -1 -1 15457096 15457096 15457096 15457096 16240918 16240918 16240918 16240918 16240918 16240918 16240918 16240918 16240918 16240918 16240918 16240918 14065438 14065438 14065438 14065438 14065438 14065438 14065438 14065438 14065438 -1 -1 -1 -1 -1 -1 -1 -1 -1 -1 -1 -1 13156591 13156591 13156591 13156591 13156591 -1 -1 -1 -1 -1 -1 -1 -1 
-1 -1 -1 -1 -1 -1 -1 -1 13156591 13156591 13156591 13156591 16774655 16774655 16774655 16774655 16774655 -1 -1 -1 -1 -1 -1 -1 -1 -1 15457096 15457096 15457096 15457096 16240918 16240918 16240918 16240918 16240918 16240918 16240918 16240918 16240918 16240918 16240918 16240918 14065438 14065438 14065438 14065438 14065438 14065438 14065438 14065438 14065438 -1 -1 -1 -1 -1 -1 -1 -1 -1 -1 -1 -1 13156591 13156591 13156591 13156591 13156591 -1 -1 -1 -1 -1 -1 -1 -1 
-1 -1 -1 -1 13156591 13156591 13156591 13156591 -1 -1 -1 -1 -1 -1 -1 -1 -1 -1 -1 -1 -1 16240918 16240918 16240918 16240918 16240918 16240918 16240918 15453714 16240918 16240918 16240918 16240918 16240918 16240918 16240918 16240918 16240918 16240918 16240918 16240918 16240918 16240918 16240918 16240918 16240918 16240918 16240918 16240918 16240918 16240918 14065438 14065438 14065438 14065438 -1 -1 -1 -1 -1 -1 -1 -1 -1 -1 -1 -1 -1 13156591 13156591 13156591 13156591 -1 -1 -1 -1 
-1 -1 -1 -1 13156591 13156591 13156591 13156591 -1 -1 -1 -1 -1 -1 -1 -1 -1 -1 -1 -1 -1 16240918 16240918 16240918 16240918 16240918 16240918 16240918 15519256 16240918 16240918 16240918 16240918 16240918 16240918 16240918 16240918 16240918 16240918 16240918 16240918 16240918 16240918 16240918 16240918 16240918 16240918 16240918 16240918 16240918 16240918 14065438 14065438 14065438 14065438 -1 -1 -1 -1 -1 -1 -1 -1 -1 -1 -1 -1 -1 13156591 13156591 13156591 13156591 -1 -1 -1 -1 
-1 -1 -1 -1 13156591 13156591 13156591 13156591 -1 -1 -1 -1 -1 -1 -1 -1 -1 -1 -1 -1 -1 16240918 16240918 16240918 16240918 16240918 16240918 16240918 16240918 16240918 16240918 16240918 16240918 16240918 16240918 16240918 16240918 16240918 16240918 16240918 16240918 16240918 16240918 16240918 16240918 16240918 16240918 16240918 16240918 16240918 16240918 14065438 14065438 14065438 14065438 -1 -1 -1 -1 -1 -1 -1 -1 -1 -1 -1 -1 -1 13156591 13156591 13156591 13156591 -1 -1 -1 -1 
-1 -1 -1 -1 13156591 13156591 13156591 13156591 -1 -1 -1 -1 -1 -1 -1 -1 -1 -1 -1 -1 -1 16240918 16240918 16240918 16240918 16240918 16240918 16240918 16240918 16240918 16240918 16240918 16240918 16240918 16240918 16240918 16240918 16240918 16240918 16240918 16240918 16240918 16240918 16240918 16240918 16240918 16240918 16240918 16240918 16240918 16240918 14065438 14065438 14065438 14065438 -1 -1 -1 -1 -1 -1 -1 -1 -1 -1 -1 -1 -1 13156591 13156591 13156591 13156591 -1 -1 -1 -1 
-1 -1 -1 -1 13156591 13156591 13156591 13156591 -1 -1 -1 -1 -1 -1 -1 -1 -1 15457096 15457096 15457096 15457096 16240918 16240918 16240918 16240918 16240918 16240918 16240918 16240918 16240918 16240918 16240918 16240918 16240918 16240918 16240918 16240918 16240918 16240918 16240918 16240918 16240918 16240918 16240918 16240918 16240918 16240918 16240918 16240918 16240918 16240918 15255045 15255045 15255045 15255045 14065438 14065438 14065438 14065438 -1 -1 -1 -1 -1 -1 -1 -1 -1 13156591 13156591 13156591 13156591 -1 -1 -1 -1 
-1 -1 -1 -1 13156591 13156591 13156591 13156591 -1 -1 -1 -1 -1 -1 -1 -1 -1 15457096 15457096 15457096 15457096 16240918 16240918 16240918 16240918 16240918 16240918 16240918 16240918 16240918 16580588 16580588 16580588 16580588 16580588 16580588 16580588 16580588 16580588 16580588 16580588 16580588 16580588 16580588 16580588 16580588 16240918 16240918 16240918 16240918 16240918 15255045 15255045 15255045 15255045 14065438 14065438 14065438 14065438 -1 -1 -1 -1 -1 -1 -1 -1 -1 13156591 13156591 13156591 13156591 -1 -1 -1 -1 
-1 -1 -1 -1 13156591 13156591 13156591 13156591 -1 -1 -1 -1 -1 -1 -1 -1 -1 15457096 15457096 15457096 15457096 16240918 16240918 16240918 16240918 16240918 16240918 16240918 16240918 16240918 16580588 16580588 16580588 16580588 16580588 16580588 16580588 16580588 16580588 16580588 16580588 16580588 16580588 16580588 16580588 16580588 16240918 16240918 16240918 16240918 16240918 15255045 15255045 15255045 15255045 14065438 14065438 14065438 14065438 -1 -1 -1 -1 -1 -1 -1 -1 -1 13156591 13156591 13156591 13156591 -1 -1 -1 -1 
-1 -1 -1 -1 13156591 13156591 13156591 13156591 -1 -1 -1 -1 -1 -1 -1 -1 -1 15457096 15457096 15457096 15457096 16240918 16240918 16240918 16240918 16240918 16240918 16240918 16240918 16240918 16580588 16580588 16580588 16580588 16580588 16580588 16580588 16580588 16580588 16580588 16580588 16580588 16580588 16580588 16580588 16580588 16240918 16240918 16240918 16240918 16240918 15255045 15255045 15255045 15255045 14065438 14065438 14065438 14065438 -1 -1 -1 -1 -1 -1 -1 -1 -1 13156591 13156591 13156591 13156591 -1 -1 -1 -1 
13156591 13156591 13156591 13156591 -1 -1 -1 -1 -1 -1 -1 -1 -1 -1 -1 -1 -1 16240918 16240918 16240918 16240918 16240918 16240918 16240918 16240918 16240918 16240918 16240918 16240918 16240918 16580588 16580588 16580588 16580588 16580588 16580588 16580588 16580588 16580588 16580588 16580588 16580588 16580588 16580588 16580588 16580588 16240918 16240918 16240918 16240918 16240918 15255045 15255045 15255045 15255045 14065438 14065438 14065438 14065438 -1 -1 -1 -1 -1 -1 -1 -1 -1 -1 -1 -1 -1 13156591 13156591 13156591 13156591 
13156591 13156591 13156591 13156591 -1 -1 -1 -1 -1 -1 -1 -1 -1 -1 -1 -1 -1 16240918 16240918 16240918 16240918 16240918 16240918 16240918 16240918 16240918 16580588 16580588 16580588 16580588 16580588 16580588 16580588 16580588 658192 658192 658192 658192 658192 658192 658192 658192 16580588 16580588 16580588 16580588 16580588 16580588 16580588 16580588 16240918 15255045 15255045 15255045 15255045 14065438 14065438 14065438 14065438 -1 -1 -1 -1 -1 -1 -1 -1 -1 -1 -1 -1 -1 13156591 13156591 13156591 13156591 
13156591 13156591 13156591 13156591 -1 -1 -1 -1 -1 -1 -1 -1 -1 -1 -1 -1 -1 16240918 16240918 16240918 16240918 16240918 16240918 16240918 16240918 16240918 16580588 16580588 16580588 16580588 16580588 16580588 16580588 16580588 658192 658192 658192 658192 658192 658192 658192 658192 16580588 16580588 16580588 16580588 16580588 16580588 16580588 16580588 16240918 15255045 15255045 15255045 15255045 14065438 14065438 14065438 14065438 -1 -1 -1 -1 -1 -1 -1 -1 -1 -1 -1 -1 -1 13156591 13156591 13156591 13156591 
13156591 13156591 13156591 13156591 -1 -1 -1 -1 -1 -1 -1 -1 -1 -1 -1 -1 -1 16240918 16240918 16240918 16240918 16240918 16240918 16240918 16240918 16240918 16580588 16580588 16580588 16580588 16580588 16580588 16580588 16580588 658192 658192 658192 658192 658192 658192 658192 658192 16580588 16580588 16580588 16580588 16580588 16580588 16580588 16580588 16240918 15255045 15255045 15255045 15255045 14065438 14065438 14065438 14065438 -1 -1 -1 -1 -1 -1 -1 -1 -1 -1 -1 -1 -1 13156591 13156591 13156591 13156591 
13156591 13156591 13156591 13156591 -1 -1 -1 -1 -1 -1 -1 -1 -1 -1 -1 -1 -1 16240918 16240918 16240918 16240918 16240918 16240918 16240918 16240918 16240918 16580588 16580588 16580588 16580588 16580588 16580588 16580588 16580588 16580588 16580588 16580588 16580588 16580588 16580588 16580588 16580588 16580588 16580588 16580588 16580588 16580588 16580588 16580588 16580588 16240918 15255045 15255045 15255045 15255045 14065438 14065438 14065438 14065438 -1 -1 -1 -1 -1 -1 -1 -1 -1 -1 -1 -1 -1 13156591 13156591 13156591 13156591 
13156591 13156591 13156591 13156591 -1 -1 -1 -1 -1 -1 -1 -1 -1 -1 -1 -1 -1 16240918 16240918 16240918 16240918 16240918 16240918 16240918 16240918 16240918 16240918 16240918 16240918 16240918 16580588 16580588 16580588 16580588 16580588 16580588 16580588 16580588 16580588 16580588 16580588 16580588 16580588 16580588 16580588 16580588 16240918 16240918 16240918 16240918 16240918 15255045 15255045 15255045 15255045 14065438 14065438 14065438 14065438 -1 -1 -1 -1 -1 -1 -1 -1 -1 -1 -1 -1 -1 13156591 13156591 13156591 13156591 
13156591 13156591 13156591 13156591 -1 -1 -1 -1 -1 -1 -1 -1 -1 -1 -1 -1 -1 16240918 16240918 16240918 16240918 16240918 16240918 16240918 16240918 16240918 16240918 16240918 16240918 16240918 16580588 16580588 16580588 16580588 16580588 16580588 16580588 16580588 16580588 16580588 16580588 16580588 16580588 16580588 16580588 16580588 16240918 16240918 16240918 16240918 16240918 15255045 15255045 15255045 15255045 14065438 14065438 14065438 14065438 -1 -1 -1 -1 -1 -1 -1 -1 -1 -1 -1 -1 -1 13156591 13156591 13156591 13156591 
13156591 13156591 13156591 13156591 -1 -1 -1 -1 -1 -1 -1 -1 -1 -1 -1 -1 -1 16240918 16240918 16240918 16240918 16240918 16240918 16240918 16240918 16240918 16240918 16240918 16240918 16240918 16580588 16580588 16580588 16580588 16580588 16580588 16580588 16580588 16580588 16580588 16580588 16580588 16580588 16580588 16580588 16580588 16240918 16240918 16240918 16240918 16240918 15255045 15255045 15255045 15255045 14065438 14065438 14065438 14065438 -1 -1 -1 -1 -1 -1 -1 -1 -1 -1 -1 -1 -1 13156591 13156591 13156591 13156591 
13156591 13156591 13156591 13156591 -1 -1 -1 -1 -1 -1 -1 -1 -1 -1 -1 -1 -1 16240918 16240918 16240918 16240918 16240918 16240918 16240918 16240918 16240918 16240918 16240918 16240918 16240918 16240918 16240918 16240918 16240918 16240918 16240918 16240918 16240918 16240918 16240918 16240918 16240918 16240918 16240918 16240918 16240918 16240918 16240918 16240918 16240918 16240918 15255045 15255045 15255045 15255045 14065438 14065438 14065438 14065438 -1 -1 -1 -1 -1 -1 -1 -1 -1 -1 -1 -1 -1 13156591 13156591 13156591 13156591 
13156591 13156591 13156591 13156591 -1 -1 -1 -1 -1 15457096 15457096 15457096 15457096 16240918 16240918 16240918 16240918 16240918 16240918 16240918 16240918 16240918 16240918 16240918 16240918 16240918 16240918 16240918 16240918 16240918 16240918 16240918 16240918 16240918 16240918 16240918 16240918 16240918 16240918 16240918 16240918 16240918 16240918 16240918 16240918 16240918 16240918 16240918 16240918 16240918 16240918 15255045 15255045 15255045 15255045 14065438 14065438 14065438 14065438 14065438 14065438 14065438 14065438 14065438 14065438 14065438 14065438 -1 -1 -1 -1 -1 13156591 13156591 13156591 13156591 
13156591 13156591 13156591 13156591 -1 -1 -1 -1 -1 15457096 15457096 15457096 15457096 16240918 16240918 16240918 16240918 16240918 16240918 16240918 16240918 16240918 16240918 16240918 16240918 16240918 16240918 16240918 16240918 16240918 16240918 16240918 16240918 16240918 16240918 16240918 16240918 16240918 16240918 16240918 16240918 16240918 16240918 16240918 16240918 16240918 16240918 16240918 16240918 16240918 16240918 15255045 15255045 15255045 15255045 14065438 14065438 14065438 14065438 14065438 14065438 14065438 14065438 14065438 14065438 14065438 14065438 -1 -1 -1 -1 -1 13156591 13156591 13156591 13156591 
13156591 13156591 13156591 13156591 -1 -1 -1 -1 -1 15457096 15457096 15457096 15457096 16240918 16240918 16240918 16240918 16240918 16240918 16240918 16240918 16240918 16240918 16240918 16240918 16240918 16240918 16240918 16240918 16240918 16240918 16240918 16240918 16240918 16240918 16240918 16240918 16240918 16240918 16240918 16240918 16240918 16240918 16240918 16240918 16240918 16240918 16240918 16240918 16240918 16240918 15255045 15255045 15255045 15255045 14065438 14065438 14065438 14065438 14065438 14065438 14065438 14065438 14065438 14065438 14065438 14065438 -1 -1 -1 -1 -1 13156591 13156591 13156591 13156591 
13156591 13156591 13156591 13156591 -1 -1 -1 -1 -1 15457096 15457096 15457096 15457096 16240918 16240918 16240918 16240918 16240918 16240918 16240918 16240918 16240918 16240918 16240918 16240918 16240918 16240918 16240918 16240918 16240918 16240918 16240918 16240918 16240918 16240918 16240918 16240918 16240918 16240918 16240918 16240918 16240918 16240918 16240918 16240918 16240918 16240918 16240918 16240918 16240918 16240918 15255045 15255045 15255045 15255045 14065438 14065438 14065438 14065438 14065438 14065438 14065438 14065438 14065438 14065438 14065438 14065438 -1 -1 -1 -1 -1 13156591 13156591 13156591 13156591 
13156591 13156591 13156591 13156591 -1 -1 -1 -1 -1 -1 -1 -1 -1 14065438 14065438 14065438 14065438 16240918 16240918 16240918 16240918 16240918 16240918 16240918 16240918 16240918 16240918 16240918 16240918 16240918 16240918 16240918 16240918 16240918 16240918 16240918 16240918 16240918 16240918 16240918 16240918 16240918 16240918 16240918 16240918 16240918 16240918 16240918 16240918 16240918 16240918 15255045 15255045 15255045 15255045 14065438 14065438 14065438 14065438 14065438 14065438 14065438 14065438 -1 -1 -1 -1 -1 -1 -1 -1 -1 13156591 13156591 13156591 13156591 
13156591 13156591 13156591 13156591 -1 -1 -1 -1 -1 -1 -1 -1 -1 14065438 14065438 14065438 14065438 16240918 16240918 16240918 16240918 16240918 16240918 16240918 16240918 16240918 16240918 16240918 16240918 16240918 16580588 16580588 16580588 16580588 16580588 16580588 16580588 16580588 16580588 16580588 16580588 16580588 16580588 16580588 16580588 16580588 16240918 16240918 16240918 16240918 16240918 15255045 15255045 15255045 15255045 14065438 14065438 14065438 14065438 14065438 14065438 14065438 14065438 -1 -1 -1 -1 -1 -1 -1 -1 -1 13156591 13156591 13156591 13156591 
13156591 13156591 13156591 13156591 -1 -1 -1 -1 -1 -1 -1 -1 -1 14065438 14065438 14065438 14065438 16240918 16240918 16240918 16240918 16240918 16240918 16240918 16240918 16240918 16240918 16240918 16240918 16240918 16580588 16580588 16580588 16580588 16580588 16580588 16580588 16580588 16580588 16580588 16580588 16580588 16580588 16580588 16580588 16580588 16240918 16240918 16240918 16240918 16240918 15255045 15255045 15255045 15255045 14065438 14065438 14065438 14065438 14065438 14065438 14065438 14065438 -1 -1 -1 -1 -1 -1 -1 -1 -1 13156591 13156591 13156591 13156591 
13156591 13156591 13156591 13156591 -1 -1 -1 -1 -1 -1 -1 -1 -1 14065438 14065438 14065438 14065438 16240918 16240918 16240918 16240918 16240918 16240918 16240918 16240918 16240918 16240918 16240918 16240918 16240918 16580588 16580588 16580588 16580588 16580588 16580588 16580588 16580588 16580588 16580588 16580588 16580588 16580588 16580588 16580588 16580588 16240918 16240918 16240918 16240918 16240918 15255045 15255045 15255045 15255045 14065438 14065438 14065438 14065438 14065438 14065438 14065438 14065438 -1 -1 -1 -1 -1 -1 -1 -1 -1 13156591 13156591 13156591 13156591 
-1 -1 -1 -1 13156591 13156591 13156591 13156591 -1 -1 -1 -1 -1 -1 -1 -1 -1 15457096 15457096 15457096 15457096 16240918 16240918 16240918 16240918 16240918 16240918 16240918 16240918 16240918 16580588 16580588 16580588 16580588 16580588 16580588 16580588 16580588 16580588 16580588 16580588 16580588 16580588 16580588 16580588 16580588 16240918 16240918 16240918 16240918 16240918 15255045 15255045 15255045 15255045 14065438 14065438 14065438 14065438 -1 -1 -1 -1 -1 -1 -1 -1 -1 13156591 13156591 13156591 13156591 -1 -1 -1 -1 
-1 -1 -1 -1 13156591 13156591 13156591 13156591 -1 -1 -1 -1 -1 -1 -1 -1 -1 15457096 15457096 15457096 15457096 16240918 16240918 16240918 16240918 16240918 16580588 16580588 16580588 16580588 16580588 16580588 16580588 16580588 658192 658192 658192 658192 658192 658192 658192 658192 16580588 16580588 16580588 16580588 16580588 16580588 16580588 16580588 16240918 15255045 15255045 15255045 15255045 14065438 14065438 14065438 14065438 -1 -1 -1 -1 -1 -1 -1 -1 -1 13156591 13156591 13156591 13156591 -1 -1 -1 -1 
-1 -1 -1 -1 13156591 13156591 13156591 13156591 -1 -1 -1 -1 -1 -1 -1 -1 -1 15457096 15457096 15457096 15457096 16240918 16240918 16240918 16240918 16240918 16580588 16580588 16580588 16580588 16580588 16580588 16580588 16580588 658192 658192 658192 658192 658192 658192 658192 658192 16580588 16580588 16580588 16580588 16580588 16580588 16580588 16580588 16240918 15255045 15255045 15255045 15255045 14065438 14065438 14065438 14065438 -1 -1 -1 -1 -1 -1 -1 -1 -1 13156591 13156591 13156591 13156591 -1 -1 -1 -1 
-1 -1 -1 -1 13156591 13156591 13156591 13156591 -1 -1 -1 -1 -1 -1 -1 -1 -1 15457096 15457096 15457096 15457096 16240918 16240918 16240918 16240918 16240918 16580588 16580588 16580588 16580588 16580588 16580588 16580588 16580588 658192 658192 658192 658192 658192 658192 658192 658192 16580588 16580588 16580588 16580588 16580588 16580588 16580588 16580588 16240918 15255045 15255045 15255045 15255045 14065438 14065438 14065438 14065438 -1 -1 -1 -1 -1 -1 -1 -1 -1 13156591 13156591 13156591 13156591 -1 -1 -1 -1 
-1 -1 -1 -1 13156591 13156591 13156591 13156591 -1 -1 -1 -1 -1 -1 -1 -1 -1 15457096 15457096 15457096 15457096 16240918 16240918 16240918 16240918 16240918 16580588 16580588 16580588 16580588 16580588 16580588 16580588 16580588 16580588 16580588 16580588 16580588 16580588 16580588 16580588 16580588 16580588 16580588 16580588 16580588 16580588 16580588 16580588 16580588 16240918 15255045 15255045 15255045 15255045 14065438 14065438 14065438 14065438 -1 -1 -1 -1 -1 -1 -1 -1 -1 13156591 13156591 13156591 13156591 -1 -1 -1 -1 
-1 -1 -1 -1 -1 -1 -1 -1 13156591 13156591 13156591 13156591 -1 -1 -1 -1 -1 15457096 15457096 15457096 15457096 16240918 16240918 16240918 16240918 16240918 16240918 16240918 16240918 16240918 16580588 16580588 16580588 16580588 16580588 16580588 16580588 16580588 16580588 16580588 16580588 16580588 16580588 16580588 16580588 16580588 16240918 16240918 16240918 16240918 16240918 15255045 15255045 15255045 15255045 14065438 14065438 14065438 14065438 -1 -1 -1 -1 13156591 13156591 13156591 13156591 13156591 -1 -1 -1 -1 -1 -1 -1 -1 
-1 -1 -1 -1 -1 -1 -1 -1 13156591 13156591 13156591 13156591 -1 -1 -1 -1 -1 15457096 15457096 15457096 15457096 16240918 16240918 16240918 16240918 16240918 16240918 16240918 16240918 16240918 16580588 16580588 16580588 16580588 16580588 16580588 16580588 16580588 16580588 16580588 16580588 16580588 16580588 16580588 16580588 16580588 16240918 16240918 16240918 16240918 16240918 15255045 15255045 15255045 15255045 14065438 14065438 14065438 14065438 -1 -1 -1 -1 13156591 13156591 13156591 13156591 13156591 -1 -1 -1 -1 -1 -1 -1 -1 
-1 -1 -1 -1 -1 -1 -1 -1 13156591 13156591 13156591 13156591 -1 -1 -1 -1 -1 15457096 15457096 15457096 15457096 16240918 16240918 16240918 16240918 16240918 16240918 16240918 16240918 16240918 16580588 16580588 16580588 16580588 16580588 16580588 16580588 16580588 16580588 16580588 16580588 16580588 16580588 16580588 16580588 16580588 16240918 16240918 16240918 16240918 16240918 15255045 15255045 15255045 15255045 14065438 14065438 14065438 14065438 -1 -1 -1 -1 13156591 13156591 13156591 13156591 13156591 -1 -1 -1 -1 -1 -1 -1 -1 
-1 -1 -1 -1 -1 -1 -1 -1 13156591 13156591 13156591 13156591 -1 -1 -1 -1 -1 15457096 15457096 15457096 15457096 16240918 16240918 16240918 16240918 16240918 16240918 16240918 16240918 16240918 16240918 16240918 16240918 16240918 16240918 16240918 16240918 16240918 16240918 16240918 16240918 16240918 16240918 16240918 16240918 16240918 16240918 16240918 16240918 16240918 16240918 15255045 15255045 15255045 15255045 14065438 14065438 14065438 14065438 -1 -1 -1 -1 13156591 13156591 13156591 13156591 13156591 -1 -1 -1 -1 -1 -1 -1 -1 
-1 -1 -1 -1 -1 -1 -1 -1 -1 -1 -1 -1 13156591 13156591 13156591 13156591 -1 15457096 15457096 15457096 15457096 15457096 15457096 15457096 15457096 15457096 15457096 15457096 15457096 16240918 16240918 16240918 16240918 16240918 16240918 16240918 16240918 16240918 16240918 16240918 16240918 16240918 16240918 16240918 16240918 16240918 16240918 15255045 15255045 15255045 15255045 15255045 15255045 15255045 15255045 14065438 14065438 14065438 14065438 13156591 13156591 13156591 13156591 -1 -1 -1 -1 -1 -1 -1 -1 -1 -1 -1 -1 -1 
-1 -1 -1 -1 -1 -1 -1 -1 -1 -1 -1 -1 13156591 13156591 13156591 13156591 -1 15457096 15457096 15457096 15457096 15457096 15457096 15457096 15457096 15457096 15457096 15457096 15457096 16240918 16240918 16240918 16240918 16240918 16240918 16240918 16240918 16240918 16240918 16240918 16240918 16240918 16240918 16240918 16240918 16240918 16240918 15255045 15255045 15255045 15255045 15255045 15255045 15255045 15255045 14065438 14065438 14065438 14065438 13156591 13156591 13156591 13156591 -1 -1 -1 -1 -1 -1 -1 -1 -1 -1 -1 -1 -1 
-1 -1 -1 -1 -1 -1 -1 -1 -1 -1 -1 -1 13156591 13156591 13156591 13156591 -1 15457096 15457096 15457096 15457096 15457096 15457096 15457096 15457096 15457096 15457096 15457096 15457096 16240918 16240918 16240918 16240918 16240918 16240918 16240918 16240918 16240918 16240918 16240918 16240918 16240918 16240918 16240918 16240918 16240918 16240918 15255045 15255045 15255045 15255045 15255045 15255045 15255045 15255045 14065438 14065438 14065438 14065438 13156591 13156591 13156591 13156591 -1 -1 -1 -1 -1 -1 -1 -1 -1 -1 -1 -1 -1 
-1 -1 -1 -1 -1 -1 -1 -1 -1 -1 -1 -1 13156591 13156591 13156591 13156591 -1 15457096 15457096 15457096 15457096 15457096 15457096 15457096 15457096 15457096 15457096 15457096 15457096 16240918 16240918 16240918 16240918 16240918 16240918 16240918 16240918 16240918 16240918 16240918 16240918 16240918 16240918 16240918 16240918 16240918 16240918 15255045 15255045 15255045 15255045 15255045 15255045 15255045 15255045 14065438 14065438 14065438 14065438 13156591 13156591 13156591 13156591 -1 -1 -1 -1 -1 -1 -1 -1 -1 -1 -1 -1 -1 
-1 -1 -1 -1 -1 -1 -1 -1 11052757 11052757 11052757 11052757 11052757 11052757 11052757 11052757 13156591 13156591 13156591 13156591 13156591 13156591 13156591 13156591 13156591 13156591 13156591 13156591 13156591 13156591 13156591 13156591 13156591 13156591 13156591 13156591 13156591 13156591 13156591 13156591 13156591 13156591 13156591 13156591 13156591 13156591 13156591 13156591 13156591 13156591 13156591 13156591 13156591 13156591 13156591 13156591 13156591 13156591 13156591 10384574 10384574 10384574 10384574 6769557 6769557 6769557 6769557 -1 -1 -1 -1 -1 -1 -1 -1 -1 
-1 -1 -1 -1 -1 -1 -1 -1 11052757 11052757 11052757 11052757 11052757 11052757 11052757 11052757 13156591 13156591 13156591 13156591 13156591 13156591 13156591 13156591 13156591 13156591 13156591 13156591 13156591 13156591 13156591 13156591 13156591 13156591 13156591 13156591 13156591 13156591 13156591 13156591 13156591 13156591 13156591 13156591 13156591 13156591 13156591 13156591 13156591 13156591 13156591 13156591 13156591 13156591 13156591 13156591 13156591 13156591 13156591 10384574 10384574 10384574 10384574 6769557 6769557 6769557 6769557 -1 -1 -1 -1 -1 -1 -1 -1 -1 
-1 -1 -1 -1 -1 -1 -1 -1 11052757 11052757 11052757 11052757 11052757 11052757 11052757 11052757 13156591 13156591 13156591 13156591 13156591 13156591 13156591 13156591 13156591 13156591 13156591 13156591 13156591 13156591 13156591 13156591 13156591 13156591 13156591 13156591 13156591 13156591 13156591 13156591 13156591 13156591 13156591 13156591 13156591 13156591 13156591 13156591 13156591 13156591 13156591 13156591 13156591 13156591 13156591 13156591 13156591 13156591 13156591 10384574 10384574 10384574 10384574 6769557 6769557 6769557 6769557 -1 -1 -1 -1 -1 -1 -1 -1 -1 
-1 -1 -1 -1 -1 -1 -1 -1 11052757 11052757 11052757 11052757 11052757 11052757 11052757 11052757 13156591 13156591 13156591 13156591 13156591 13156591 13156591 13156591 13156591 13156591 13156591 13156591 13156591 13156591 13156591 13156591 13156591 13156591 13156591 13156591 13156591 13156591 13156591 13156591 13156591 13156591 13156591 13156591 13156591 13156591 13156591 13156591 13156591 13156591 13156591 13156591 13156591 13156591 13156591 13156591 13156591 13156591 13156591 10384574 10384574 10384574 10384574 6769557 6769557 6769557 6769557 -1 -1 -1 -1 -1 -1 -1 -1 -1 
-1 -1 -1 -1 13680366 13680366 13680366 13680366 11052757 11052757 11052757 11052757 11052757 11052757 11052757 11052757 13156591 13156591 13156591 13156591 13156591 13156591 13156591 13156591 13156591 13156591 13156591 10723785 10723785 10723785 10723785 11513311 11513311 11513311 11513311 11513311 11513311 11513311 11513311 11513311 11513311 11513311 11513311 8944312 8944312 8944312 8944312 8944312 8944312 8093365 8093365 8093365 8093365 8093365 8093365 8093365 8093365 8093365 8093365 8093365 8093365 8093365 8093365 6769557 6769557 6769557 6769557 6769557 6769557 6769557 6769557 6769557 -1 -1 -1 -1 
-1 -1 -1 -1 13680366 13680366 13680366 13680366 11052757 11052757 11052757 11052757 13680366 13680366 13680366 13680366 13680366 14769046 14769046 14769046 12928625 12928625 12928625 12928625 12928625 13680366 13680366 10723785 10723785 10723785 10723785 11513311 11513311 11513311 11513311 11513311 11513311 11513311 11513311 11513311 11513311 11513311 11513311 8944312 8944312 8944312 8944312 8944312 8944312 8093365 8093365 8093365 8093365 8093365 8093365 14769046 14769046 14769046 12928625 12928625 12928625 12928625 12928625 6769557 6769557 6769557 6769557 6769557 6769557 6769557 6769557 6769557 -1 -1 -1 -1 
-1 -1 -1 -1 13680366 13680366 13680366 13680366 11052757 11052757 11052757 11052757 13680366 13680366 13680366 13680366 13680366 14769046 14769046 14769046 12928625 12928625 12928625 12928625 12928625 13680366 13680366 10723785 10723785 10723785 10723785 11513311 11513311 11513311 11513311 11513311 11513311 11513311 11513311 11513311 11513311 11513311 11513311 8944312 8944312 8944312 8944312 8944312 8944312 8093365 8093365 8093365 8093365 8093365 8093365 14769046 14769046 14769046 12928625 12928625 12928625 12928625 12928625 6769557 6769557 6769557 6769557 6769557 6769557 6769557 6769557 6769557 -1 -1 -1 -1 
-1 -1 -1 -1 13680366 13680366 13680366 13680366 11052757 11052757 11052757 11052757 13680366 13680366 13680366 13680366 13680366 14769046 14769046 14769046 12928625 12928625 12928625 12928625 12928625 13680366 13680366 10723785 10723785 10723785 10723785 11513311 11513311 11513311 11513311 11513311 11513311 11513311 11513311 11513311 11513311 11513311 11513311 8944312 8944312 8944312 8944312 8944312 8944312 8093365 8093365 8093365 8093365 8093365 8093365 14769046 14769046 14769046 12928625 12928625 12928625 12928625 12928625 6769557 6769557 6769557 6769557 6769557 6769557 6769557 6769557 6769557 -1 -1 -1 -1 
-1 -1 -1 -1 13680366 13680366 13680366 13680366 11052757 11052757 11052757 11052757 13680366 13680366 13680366 13680366 13680366 13680366 13680366 13680366 13680366 13680366 13680366 13680366 13680366 13680366 13680366 11513311 11513311 11513311 11513311 11513311 11513311 11513311 11513311 11513311 11513311 11513311 11513311 11513311 11513311 11513311 11513311 8944312 8944312 8944312 8944312 8944312 8944312 8093365 8093365 8093365 8093365 8093365 8093365 7953315 7953315 7953315 7953315 7953315 7953315 7953315 7953315 6769557 6769557 6769557 6769557 6769557 6769557 6769557 6769557 6769557 -1 -1 -1 -1 
-1 -1 -1 -1 -1 -1 -1 -1 -1 -1 -1 -1 13680366 13680366 13680366 13680366 13680366 13680366 13680366 13680366 13680366 13680366 13680366 13680366 13680366 13680366 13680366 11513311 11513311 11513311 11513311 11513311 11513311 11513311 11513311 11513311 11513311 14769046 14769046 14769046 14769046 14769046 11513311 11115472 11115472 11115472 8093365 8093365 8093365 8093365 8093365 8093365 8093365 8093365 8093365 7953315 7953315 7953315 7953315 7953315 7953315 7953315 7953315 -1 -1 -1 -1 -1 -1 -1 -1 -1 -1 -1 -1 -1 
-1 -1 -1 -1 -1 -1 -1 -1 -1 -1 -1 -1 13680366 13680366 13680366 13680366 13680366 13680366 13680366 13680366 13680366 13680366 13680366 13680366 13680366 13680366 13680366 11513311 11513311 11513311 11513311 11513311 11513311 11513311 11513311 11513311 14769046 12928625 12928625 12928625 12928625 12928625 14769046 11115472 11115472 11115472 8093365 8093365 8093365 8093365 8093365 8093365 8093365 8093365 8093365 7953315 7953315 7953315 7953315 7953315 7953315 7953315 7953315 -1 -1 -1 -1 -1 -1 -1 -1 -1 -1 -1 -1 -1 
-1 -1 -1 -1 -1 -1 -1 -1 -1 -1 -1 -1 13680366 13680366 13680366 13680366 13680366 13680366 13680366 13680366 13680366 13680366 13680366 13680366 13680366 13680366 13680366 11513311 11513311 11513311 11513311 11513311 11513311 11513311 11513311 11513311 14769046 12928625 12928625 12928625 12928625 12928625 14769046 11115472 11115472 11115472 8093365 8093365 8093365 8093365 8093365 8093365 8093365 8093365 8093365 7953315 7953315 7953315 7953315 7953315 7953315 7953315 7953315 -1 -1 -1 -1 -1 -1 -1 -1 -1 -1 -1 -1 -1 
-1 -1 -1 -1 -1 -1 -1 -1 -1 -1 -1 -1 13680366 13680366 13680366 13680366 13680366 13680366 13680366 13680366 13680366 13680366 13680366 13680366 13680366 12827630 12827630 12827630 12827630 12827630 12827630 12827630 12827630 12827630 12827630 12827630 14769046 12928625 12928625 12928625 12928625 12928625 14769046 11115472 11115472 11115472 8093365 8093365 8093365 8093365 8093365 8093365 8093365 8093365 8093365 7953315 7953315 7953315 7953315 7953315 7953315 7953315 7953315 -1 -1 -1 -1 -1 -1 -1 -1 -1 -1 -1 -1 -1 
-1 -1 -1 -1 -1 -1 -1 -1 -1 -1 -1 -1 -1 -1 -1 -1 -1 -1 -1 -1 -1 7291792 7291792 7291792 7291792 12827630 12827630 12827630 12827630 12827630 12827630 12827630 12827630 12827630 12827630 12827630 12827630 14769046 14769046 14769046 14769046 14769046 9142456 9142456 9142456 8880326 7891641 7891641 7891641 7891641 6965155 6965155 6965155 6965155 6965155 -1 -1 -1 -1 -1 -1 -1 -1 -1 -1 -1 -1 -1 -1 -1 -1 -1 -1 -1 -1 -1 
-1 -1 -1 -1 -1 -1 -1 -1 -1 -1 -1 -1 -1 -1 -1 -1 -1 -1 -1 -1 -1 7291792 7291792 7291792 7291792 12827630 12827630 12827630 12827630 12827630 12827630 12827630 12827630 12827630 12827630 12827630 12827630 12827630 9142456 9142456 9142456 9142456 9142456 9142456 9142456 9142456 7891641 7891641 7891641 7891641 6965155 6965155 6965155 6965155 6965155 -1 -1 -1 -1 -1 -1 -1 -1 -1 -1 -1 -1 -1 -1 -1 -1 -1 -1 -1 -1 -1 
-1 -1 -1 -1 -1 -1 -1 -1 -1 -1 -1 -1 -1 -1 -1 -1 -1 -1 -1 -1 -1 7291792 7291792 7291792 7291792 12827630 12827630 12827630 12827630 12827630 12827630 12827630 12827630 12827630 12827630 12827630 12827630 12827630 9142456 9142456 9142456 9142456 9142456 9142456 9142456 9142456 7891641 7891641 7891641 7891641 6965155 6965155 6965155 6965155 6965155 -1 -1 -1 -1 -1 -1 -1 -1 -1 -1 -1 -1 -1 -1 -1 -1 -1 -1 -1 -1 -1 
-1 -1 -1 -1 -1 -1 -1 -1 -1 -1 -1 -1 -1 -1 -1 -1 -1 -1 -1 -1 -1 7291792 7291792 7291792 7291792 12827630 12827630 12827630 12827630 12827630 12827630 12827630 12827630 12827630 12827630 12827630 12827630 12827630 9142456 9142456 9142456 9142456 9142456 9142456 9142456 9142456 7891641 7891641 7891641 7891641 6965155 6965155 6965155 6965155 6965155 -1 -1 -1 -1 -1 -1 -1 -1 -1 -1 -1 -1 -1 -1 -1 -1 -1 -1 -1 -1 -1 
-1 -1 -1 -1 -1 -1 -1 -1 -1 -1 -1 -1 -1 -1 -1 -1 -1 6963838 6963838 6963838 6963838 -1 -1 -1 -1 -1 -1 -1 -1 -1 -1 -1 -1 -1 -1 -1 -1 -1 5983894 5983894 5983894 5983894 -1 -1 -1 -1 -1 -1 -1 -1 -1 -1 -1 -1 -1 5846386 5846386 5846386 5846386 -1 -1 -1 -1 -1 -1 -1 -1 -1 -1 -1 -1 -1 -1 -1 -1 -1 
-1 -1 -1 -1 -1 -1 -1 -1 -1 -1 -1 -1 -1 -1 -1 -1 -1 6963838 6963838 6963838 6963838 -1 -1 -1 -1 -1 -1 -1 -1 -1 -1 -1 -1 -1 -1 -1 -1 -1 5983894 5983894 5983894 5983894 -1 -1 -1 -1 -1 -1 -1 -1 -1 -1 -1 -1 -1 5846386 5846386 5846386 5846386 -1 -1 -1 -1 -1 -1 -1 -1 -1 -1 -1 -1 -1 -1 -1 -1 -1 
-1 -1 -1 -1 -1 -1 -1 -1 -1 -1 -1 -1 -1 -1 -1 -1 -1 6963838 6963838 6963838 6963838 -1 -1 -1 -1 -1 -1 -1 -1 -1 -1 -1 -1 -1 -1 -1 -1 -1 5983894 5983894 5983894 5983894 -1 -1 -1 -1 -1 -1 -1 -1 -1 -1 -1 -1 -1 5846386 5846386 5846386 5846386 -1 -1 -1 -1 -1 -1 -1 -1 -1 -1 -1 -1 -1 -1 -1 -1 -1 
-1 -1 -1 -1 -1 -1 -1 -1 -1 -1 -1 -1 -1 -1 -1 -1 -1 6963838 6963838 6963838 6963838 -1 -1 -1 -1 -1 -1 -1 -1 -1 -1 -1 -1 -1 -1 -1 -1 -1 5983894 5983894 5983894 5983894 -1 -1 -1 -1 -1 -1 -1 -1 -1 -1 -1 -1 -1 5846386 5846386 5846386 5846386 -1 -1 -1 -1 -1 -1 -1 -1 -1 -1 -1 -1 -1 -1 -1 -1 -1 
-1 -1 -1 -1 -1 -1 -1 -1 -1 -1 -1 -1 -1 6963838 6963838 6963838 6963838 -1 -1 -1 -1 -1 -1 -1 -1 -1 -1 -1 -1 -1 -1 -1 -1 -1 -1 -1 -1 -1 6699655 6699655 6699655 6699655 -1 -1 -1 -1 -1 -1 -1 -1 -1 -1 -1 -1 -1 -1 -1 -1 -1 5846386 5846386 5846386 5846386 -1 -1 -1 -1 -1 -1 -1 -1 -1 -1 -1 -1 -1 
-1 -1 -1 -1 -1 -1 -1 -1 -1 -1 -1 -1 -1 6963838 6963838 6963838 6963838 -1 -1 -1 -1 -1 -1 -1 -1 -1 -1 -1 -1 -1 -1 -1 -1 -1 -1 -1 -1 -1 6699655 6699655 6699655 6699655 -1 -1 -1 -1 -1 -1 -1 -1 -1 -1 -1 -1 -1 -1 -1 -1 -1 5846386 5846386 5846386 5846386 -1 -1 -1 -1 -1 -1 -1 -1 -1 -1 -1 -1 -1 
-1 -1 -1 -1 -1 -1 -1 -1 -1 -1 -1 -1 -1 6963838 6963838 6963838 6963838 -1 -1 -1 -1 -1 -1 -1 -1 -1 -1 -1 -1 -1 -1 -1 -1 -1 -1 -1 -1 -1 6699655 6699655 6699655 6699655 -1 -1 -1 -1 -1 -1 -1 -1 -1 -1 -1 -1 -1 -1 -1 -1 -1 5846386 5846386 5846386 5846386 -1 -1 -1 -1 -1 -1 -1 -1 -1 -1 -1 -1 -1 
-1 -1 -1 -1 -1 -1 -1 -1 -1 -1 -1 -1 -1 6963838 6963838 6963838 6963838 -1 -1 -1 -1 -1 -1 -1 -1 -1 -1 -1 -1 -1 -1 -1 -1 -1 -1 -1 -1 -1 6699655 6699655 6699655 6699655 -1 -1 -1 -1 -1 -1 -1 -1 -1 -1 -1 -1 -1 -1 -1 -1 -1 5846386 5846386 5846386 5846386 -1 -1 -1 -1 -1 -1 -1 -1 -1 -1 -1 -1 -1 
