85 81
-1 -1 -1 -1 -1 -1 -1 -1 -1 -1 -1 -1 -1 -1 -1 -1 -1 -1 -1 -1 -1 -1 -1 -1 -1 -1 13284848 13284848 13284848 13284848 13284848 13284848 13284848 13284848 13284848 13284848 13284848 13284848 13284848 13284848 13284848 13284848 13284848 13284848 13284848 13284848 13284848 13284848 13284848 13284848 13284848 13284848 13284848 13284848 13284848 13284848 -1 -1 -1 -1 -1 -1 -1 -1 -1 -1 -1 -1 -1 -1 -1 -1 -1 -1 -1 -1 -1 -1 -1 -1 -1 
-1 -1 -1 -1 -1 -1 -1 -1 -1 -1 -1 -1 -1 -1 -1 -1 -1 -1 -1 -1 -1 -1 -1 -1 -1 -1 13284848 13284848 13284848 13284848 13284848 13284848 13284848 13284848 13284848 13284848 13284848 13284848 13284848 13284848 13284848 13284848 13284848 13284848 13284848 13284848 13284848 13284848 13284848 13284848 13284848 13284848 13284848 13284848 13284848 13284848 -1 -1 -1 -1 -1 -1 -1 -1 -1 -1 -1 -1 -1 -1 -1 -1 -1 -1 -1 -1 -1 -1 -1 -1 -1 
-1 -1 -1 -1 -1 -1 -1 -1 -1 -1 -1 -1 -1 -1 -1 -1 -1 -1 -1 -1 -1 -1 -1 -1 -1 -1 13284848 13284848 13284848 13284848 13284848 13284848 13284848 13284848 13284848 13284848 13284848 13284848 13284848 13284848 13284848 13284848 13284848 13284848 13284848 13284848 13284848 13284848 13284848 13284848 13284848 13284848 13284848 13284848 13284848 13284848 -1 -1 -1 -1 -1 -1 -1 -1 -1 -1 -1 -1 -1 -1 -1 -1 -1 -1 -1 -1 -1 -1 -1 -1 -1 
-1 -1 -1 -1 -1 -1 -1 -1 -1 -1 -1 -1 -1 -1 -1 -1 -1 -1 -1 -1 -1 -1 -1 -1 -1 -1 13284848 13284848 13284848 13284848 13284848 13284848 13284848 13284848 13284848 13284848 13284848 13284848 13284848 13284848 13284848 13284848 13284848 13284848 13284848 13284848 13284848 13284848 13284848 13284848 13284848 13284848 13284848 13284848 13284848 13284848 -1 -1 -1 -1 -1 -1 -1 -1 -1 -1 -1 -1 -1 -1 -1 -1 -1 -1 -1 -1 -1 -1 -1 -1 -1 
-1 -1 -1 -1 -1 -1 -1 -1 -1 -1 -1 -1 -1 -1 -1 -1 -1 13482999 13482999 13482999 13482999 13482999 13482999 13482999 13482999 13482999 -1 -1 -1 -1 -1 -1 -1 -1 -1 -1 -1 -1 -1 -1 -1 -1 -1 -1 -1 -1 -1 -1 -1 -1 -1 -1 -1 -1 -1 -1 13284848 13284848 13284848 13284848 13284848 13284848 13284848 13284848 -1 -1 -1 -1 -1 -1 -1 -1 -1 -1 -1 -1 -1 -1 -1 -1 -1 
-1 -1 -1 -1 -1 -1 -1 -1 -1 -1 -1 -1 -1 -1 -1 -1 -1 13482999 13482999 13482999 13482999 13482999 13482999 13482999 13482999 13482999 -1 -1 -1 -1 -1 -1 -1 -1 -1 -1 -1 -1 -1 -1 -1 -1 -1 -1 -1 -1 -1 -1 -1 -1 -1 -1 -1 -1 -1 -1 13284848 13284848 13284848 13284848 13284848 13284848 13284848 13284848 -1 -1 -1 -1 -1 -1 -1 -1 -1 -1 -1 -1 -1 -1 -1 -1 -1 
-1 -1 -1 -1 -1 -1 -1 -1 -1 -1 -1 -1 -1 -1 -1 -1 -1 13482999 13482999 13482999 13482999 13482999 13482999 13482999 13482999 13482999 -1 -1 -1 -1 -1 -1 -1 -1 -1 -1 -1 -1 -1 -1 -1 -1 -1 -1 -1 -1 -1 -1 -1 -1 -1 -1 -1 -1 -1 -1 13284848 13284848 13284848 13284848 13284848 13284848 13284848 13284848 -1 -1 -1 -1 -1 -1 -1 -1 -1 -1 -1 -1 -1 -1 -1 -1 -1 
-1 -1 -1 -1 -1 -1 -1 -1 -1 -1 -1 -1 -1 -1 -1 -1 -1 13482999 13482999 13482999 13482999 13482999 13482999 13482999 13482999 13482999 -1 -1 -1 -1 -1 -1 -1 -1 -1 -1 -1 -1 -1 -1 -1 -1 -1 -1 -1 -1 -1 -1 -1 -1 -1 -1 -1 -1 -1 -1 13284848 13284848 13284848 13284848 13284848 13284848 13284848 13284848 -1 -1 -1 -1 -1 -1 -1 -1 -1 -1 -1 -1 -1 -1 -1 -1 -1 
-1 -1 -1 -1 -1 -1 -1 -1 -1 -1 -1 -1 -1 13484772 13484772 13484772 13484772 16644351 16644351 16644351 16644351 16644351 -1 -1 -1 -1 -1 -1 -1 -1 -1 -1 -1 -1 -1 -1 -1 -1 -1 -1 -1 -1 -1 -1 -1 -1 -1 -1 -1 -1 -1 -1 -1 -1 -1 -1 -1 -1 -1 -1 -1 -1 -1 -1 13284848 13284848 13284848 13284848 13284848 -1 -1 -1 -1 -1 -1 -1 -1 -1 -1 -1 -1 
-1 -1 -1 -1 -1 -1 -1 -1 -1 -1 -1 -1 -1 13484772 13484772 13484772 13484772 16644351 16644351 16644351 16644351 16644351 -1 -1 -1 -1 -1 -1 -1 -1 -1 -1 -1 -1 -1 -1 -1 -1 -1 -1 -1 -1 -1 -1 -1 -1 -1 -1 -1 -1 -1 -1 -1 -1 -1 -1 -1 -1 -1 -1 -1 -1 -1 -1 13284848 13284848 13284848 13284848 13284848 -1 -1 -1 -1 -1 -1 -1 -1 -1 -1 -1 -1 
-1 -1 -1 -1 -1 -1 -1 -1 -1 -1 -1 -1 -1 13484772 13484772 13484772 13484772 16644351 16644351 16644351 16644351 16644351 -1 -1 -1 -1 -1 -1 -1 -1 -1 -1 -1 -1 -1 -1 -1 -1 -1 -1 -1 -1 -1 -1 -1 -1 -1 -1 -1 -1 -1 -1 -1 -1 -1 -1 -1 -1 -1 -1 -1 -1 -1 -1 13284848 13284848 13284848 13284848 13284848 -1 -1 -1 -1 -1 -1 -1 -1 -1 -1 -1 -1 
-1 -1 -1 -1 -1 -1 -1 -1 -1 -1 -1 -1 -1 13484772 13484772 13484772 13484772 16644351 16644351 16644351 16644351 16644351 -1 -1 -1 -1 -1 -1 -1 -1 -1 -1 -1 -1 -1 -1 -1 -1 -1 -1 -1 -1 -1 -1 -1 -1 -1 -1 -1 -1 -1 -1 -1 -1 -1 -1 -1 -1 -1 -1 -1 -1 -1 -1 13284848 13284848 13284848 13284848 13284848 -1 -1 -1 -1 -1 -1 -1 -1 -1 -1 -1 -1 
-1 -1 -1 -1 -1 -1 -1 -1 -1 14074864 14074864 14074864 14074864 16644351 16644351 16644351 16644351 -1 -1 -1 -1 -1 -1 -1 -1 -1 -1 -1 -1 -1 10475811 10475811 10475811 10475811 10475811 10475811 10475811 10475811 10475811 10475811 10475811 10475811 10475811 10475811 10475811 10475811 10475811 10475811 10475811 10475811 10475811 10475811 10475811 -1 -1 -1 -1 -1 -1 -1 -1 -1 -1 -1 13284848 13284848 13284848 13284848 13284848 -1 -1 -1 -1 -1 -1 -1 -1 -1 -1 -1 -1 
-1 -1 -1 -1 -1 -1 -1 -1 -1 14074864 14074864 14074864 14074864 16644351 16644351 16644351 16644351 -1 -1 -1 -1 -1 -1 -1 -1 -1 -1 -1 -1 -1 10475811 10475811 10475811 10475811 10475811 10475811 10475811 10475811 10475811 10475811 10475811 10475811 10475811 10475811 10475811 10475811 10475811 10475811 10475811 10475811 10475811 10475811 10475811 -1 -1 -1 -1 -1 -1 -1 -1 -1 -1 -1 -1 -1 -1 -1 -1 13284848 13284848 13284848 13284848 -1 -1 -1 -1 -1 -1 -1 -1 
-1 -1 -1 -1 -1 -1 -1 -1 -1 14074864 14074864 14074864 14074864 16644351 16644351 16644351 16644351 -1 -1 -1 -1 -1 -1 -1 -1 -1 -1 -1 -1 -1 10475811 10475811 10475811 10475811 10475811 10475811 10475811 10475811 10475811 10475811 10475811 10475811 10475811 10475811 10475811 10475811 10475811 10475811 10475811 10475811 10475811 10475811 10475811 -1 -1 -1 -1 -1 -1 -1 -1 -1 -1 -1 -1 -1 -1 -1 -1 13284848 13284848 13284848 13284848 -1 -1 -1 -1 -1 -1 -1 -1 
-1 -1 -1 -1 -1 -1 -1 -1 -1 14074864 14074864 14074864 14074864 16644351 16644351 16644351 16644351 -1 -1 -1 -1 -1 -1 -1 -1 -1 -1 -1 -1 -1 10475811 10475811 10475811 10475811 10475811 10475811 10475811 10475811 10475811 10475811 10475811 10475811 10475811 10475811 10475811 10475811 10475811 10475811 10475811 10475811 10475811 10475811 10475811 -1 -1 -1 -1 -1 -1 -1 -1 -1 -1 -1 -1 -1 -1 -1 -1 13284848 13284848 13284848 13284848 -1 -1 -1 -1 -1 -1 -1 -1 
-1 -1 -1 -1 12366818 12366818 12366818 12366818 12366818 -1 -1 -1 -1 -1 -1 -1 -1 -1 -1 -1 -1 -1 -1 -1 -1 -1 10475811 10475811 10475811 10475811 8895761 8895761 8895761 8895761 8895761 8895761 8895761 8895761 8895761 8895761 8895761 8895761 8895761 7451152 7451152 7451152 7451152 7451152 7451152 7451152 7451152 7451152 6196491 6196491 6196491 6196491 -1 -1 -1 -1 -1 -1 -1 -1 -1 -1 -1 -1 -1 13284848 13284848 13284848 13284848 -1 -1 -1 -1 -1 -1 -1 -1 
-1 -1 -1 -1 12366818 12366818 12366818 12366818 12366818 -1 -1 -1 -1 -1 -1 -1 -1 -1 -1 -1 -1 -1 -1 -1 -1 -1 10475811 10475811 10475811 10475811 8895761 8895761 8895761 8895761 8895761 8895761 8895761 8895761 8895761 8895761 8895761 8895761 8895761 7451152 7451152 7451152 7451152 7451152 7451152 7451152 7451152 7451152 6196491 6196491 6196491 6196491 -1 -1 -1 -1 -1 -1 -1 -1 -1 -1 -1 -1 -1 -1 -1 -1 -1 13284848 13284848 13284848 13284848 -1 -1 -1 -1 
-1 -1 -1 -1 12366818 12366818 12366818 12366818 12366818 -1 -1 -1 -1 -1 -1 -1 -1 -1 -1 -1 -1 -1 -1 -1 -1 -1 10475811 10475811 10475811 10475811 8895761 8895761 8895761 8895761 8895761 8895761 8895761 8895761 8895761 8895761 8895761 8895761 8895761 7451152 7451152 7451152 7451152 7451152 7451152 7451152 7451152 7451152 6196491 6196491 6196491 6196491 -1 -1 -1 -1 -1 -1 -1 -1 -1 -1 -1 -1 -1 -1 -1 -1 -1 13284848 13284848 13284848 13284848 -1 -1 -1 -1 
-1 -1 -1 -1 12366818 12366818 12366818 12366818 12366818 -1 -1 -1 -1 -1 -1 -1 -1 -1 -1 -1 -1 -1 -1 -1 -1 -1 10475811 10475811 10475811 10475811 8895761 8895761 8895761 8895761 8895761 8895761 8895761 8895761 8895761 8895761 8895761 8895761 8895761 7451152 7451152 7451152 7451152 7451152 7451152 7451152 7451152 7451152 6196491 6196491 6196491 6196491 -1 -1 -1 -1 -1 -1 -1 -1 -1 -1 -1 -1 -1 -1 -1 -1 -1 13284848 13284848 13284848 13284848 -1 -1 -1 -1 
-1 -1 -1 -1 12366818 12366818 12366818 12366818 12366818 -1 -1 -1 -1 -1 -1 -1 -1 -1 -1 -1 -1 -1 -1 -1 -1 -1 10475811 10475811 10475811 10475811 8895761 8895761 8895761 8895761 8895761 8895761 8895761 8895761 8895761 8895761 8895761 8895761 8895761 8895761 8895761 8895761 8895761 7451152 7451152 7451152 7451152 7451152 6196491 6196491 6196491 6196491 -1 -1 -1 -1 -1 -1 -1 -1 -1 -1 -1 -1 -1 -1 -1 -1 -1 13284848 13284848 13284848 13284848 -1 -1 -1 -1 
-1 -1 -1 -1 12366818 12366818 12366818 12366818 12366818 -1 -1 -1 -1 -1 -1 -1 -1 -1 -1 -1 -1 -1 10475811 10475811 10475811 10475811 8634119 8634119 8634119 8634119 8634119 8634119 8634119 8634119 8895761 8895761 8895761 8895761 8895761 8895761 8895761 8895761 8895761 8895761 8895761 8895761 8895761 7451152 7451152 7451152 7451152 7451152 7451152 7451152 7451152 7451152 6196491 6196491 6196491 6196491 -1 -1 -1 -1 -1 -1 -1 -1 -1 -1 -1 -1 -1 13284848 13284848 13284848 13284848 -1 -1 -1 -1 
-1 -1 -1 -1 12366818 12366818 12366818 12366818 12366818 -1 -1 -1 -1 -1 -1 -1 -1 -1 -1 -1 -1 -1 10475811 10475811 10475811 10475811 8634119 8634119 8634119 8634119 8634119 8634119 8634119 8634119 8895761 8895761 8895761 8895761 8895761 16645619 16645619 16645619 16645619 16645619 16645619 16645619 16645619 7451152 7451152 7451152 7451152 7451152 7451152 7451152 7451152 7451152 6196491 6196491 6196491 6196491 -1 -1 -1 -1 -1 -1 -1 -1 -1 -1 -1 -1 -1 13284848 13284848 13284848 13284848 -1 -1 -1 -1 
-1 -1 -1 -1 12366818 12366818 12366818 12366818 12366818 -1 -1 -1 -1 -1 -1 -1 -1 -1 -1 -1 -1 -1 10475811 10475811 10475811 10475811 8634119 8634119 8634119 8634119 8634119 8634119 8634119 8634119 8895761 8895761 8895761 8895761 8895761 16645619 16645619 16645619 16645619 16645619 16645619 16645619 16645619 7451152 7451152 7451152 7451152 7451152 7451152 7451152 7451152 7451152 6196491 6196491 6196491 6196491 -1 -1 -1 -1 -1 -1 -1 -1 -1 -1 -1 -1 -1 13284848 13284848 13284848 13284848 -1 -1 -1 -1 
-1 -1 -1 -1 12366818 12366818 12366818 12366818 12366818 -1 -1 -1 -1 -1 -1 -1 -1 -1 -1 -1 -1 -1 10475811 10475811 10475811 10475811 8634119 8634119 8634119 8634119 8634119 8634119 8634119 8634119 8895761 8895761 8895761 8895761 8895761 16645619 16645619 16645619 16645619 16645619 16645619 16645619 16645619 7451152 7451152 7451152 7451152 7451152 7451152 7451152 7451152 7451152 6196491 6196491 6196491 6196491 -1 -1 -1 -1 -1 -1 -1 -1 -1 -1 -1 -1 -1 13284848 13284848 13284848 13284848 -1 -1 -1 -1 
12366818 12366818 12366818 12366818 -1 -1 -1 -1 -1 -1 -1 -1 -1 -1 -1 -1 -1 -1 10475811 10475811 10475811 10475811 8634119 8634119 8634119 8634119 8634119 8634119 8634119 8634119 8634119 8634119 8634119 8634119 8895761 8895761 8895761 8895761 8895761 16645619 16645619 16645619 16645619 16645619 16645619 16645619 16645619 7451152 7451152 7451152 7451152 7451152 7451152 7451152 7451152 7451152 7451152 7451152 7451152 7451152 6196491 6196491 6196491 6196491 -1 -1 -1 -1 -1 -1 -1 -1 -1 -1 -1 -1 -1 12827630 12827630 12827630 12827630 
12366818 12366818 12366818 12366818 -1 -1 -1 -1 -1 -1 -1 -1 -1 -1 -1 -1 -1 -1 10475811 10475811 10475811 10475811 8634119 8634119 8634119 8634119 8634119 8634119 8634119 8634119 8634119 8634119 8634119 8634119 8634119 16645619 16645619 16645619 16645619 16645619 16645619 16645619 16645619 16645619 16645619 16645619 16645619 16645619 16645619 16645619 16645619 7451152 7451152 7451152 7451152 7451152 7451152 7451152 7451152 7451152 6196491 6196491 6196491 6196491 -1 -1 -1 -1 -1 -1 -1 -1 -1 -1 -1 -1 -1 12827630 12827630 12827630 12827630 
12366818 12366818 12366818 12366818 -1 -1 -1 -1 -1 -1 -1 -1 -1 -1 -1 -1 -1 -1 10475811 10475811 10475811 10475811 8634119 8634119 8634119 8634119 8634119 8634119 8634119 8634119 8634119 8634119 8634119 8634119 8634119 16645619 16645619 16645619 16645619 16645619 16645619 16645619 16645619 16645619 16645619 16645619 16645619 16645619 16645619 16645619 16645619 7451152 7451152 7451152 7451152 7451152 7451152 7451152 7451152 7451152 6196491 6196491 6196491 6196491 -1 -1 -1 -1 -1 -1 -1 -1 -1 -1 -1 -1 -1 12827630 12827630 12827630 12827630 
12366818 12366818 12366818 12366818 -1 -1 -1 -1 -1 -1 -1 -1 -1 -1 -1 -1 -1 -1 10475811 10475811 10475811 10475811 8634119 8634119 8634119 8634119 8634119 8634119 8634119 8634119 8634119 8634119 8634119 8634119 8634119 16645619 16645619 16645619 16645619 16645619 16645619 16645619 16645619 16645619 16645619 16645619 16645619 16645619 16645619 16645619 16645619 7451152 7451152 7451152 7451152 7451152 7451152 7451152 7451152 7451152 6196491 6196491 6196491 6196491 -1 -1 -1 -1 -1 -1 -1 -1 -1 -1 -1 -1 -1 12827630 12827630 12827630 12827630 
12366818 12366818 12366818 12366818 -1 -1 -1 -1 -1 -1 -1 -1 -1 -1 -1 -1 -1 -1 10475811 10475811 10475811 10475811 8831255 8831255 8831255 8831255 8634119 8634119 8634119 8634119 8634119 8634119 8634119 8634119 8634119 16645619 16645619 16645619 16645619 16645619 16645619 16645619 16645619 16645619 16645619 16645619 16645619 16645619 16645619 16645619 16645619 7451152 7451152 7451152 7451152 7451152 7451152 7451152 7451152 7451152 6196491 6196491 6196491 6196491 -1 -1 -1 -1 -1 -1 -1 -1 -1 -1 -1 -1 -1 12827630 12827630 12827630 12827630 
12366818 12366818 12366818 12366818 -1 -1 -1 -1 -1 -1 -1 -1 -1 -1 -1 -1 -1 -1 10475811 10475811 10475811 10475811 8831255 8831255 8831255 8831255 8634119 8634119 8634119 8634119 8634119 8634119 8634119 8634119 8634119 16645619 16645619 16645619 16645619 393221 393221 393221 393221 393221 393221 393221 393221 16645619 16645619 16645619 16645619 16645619 16645619 16645619 16645619 7451152 7451152 7451152 7451152 7451152 6196491 6196491 6196491 6196491 -1 -1 -1 -1 -1 -1 -1 -1 -1 -1 -1 -1 -1 12827630 12827630 12827630 12827630 
12366818 12366818 12366818 12366818 -1 -1 -1 -1 -1 -1 -1 -1 -1 -1 -1 -1 -1 -1 10475811 10475811 10475811 10475811 8831255 8831255 8831255 8831255 8634119 8634119 8634119 8634119 8634119 16645619 16645619 16645619 16645619 16645619 16645619 16645619 16645619 393221 393221 393221 393221 393221 393221 393221 393221 16645619 16645619 16645619 16645619 16645619 16645619 16645619 16645619 7451152 7451152 7451152 7451152 7451152 6196491 6196491 6196491 6196491 -1 -1 -1 -1 -1 -1 -1 -1 -1 -1 -1 -1 -1 12827630 12827630 12827630 12827630 
12366818 12366818 12366818 12366818 -1 -1 -1 -1 -1 -1 -1 -1 -1 -1 -1 -1 -1 -1 10475811 10475811 10475811 10475811 8831255 8831255 8831255 8831255 8634119 8634119 8634119 8634119 8634119 16645619 16645619 16645619 16645619 16645619 16645619 16645619 16645619 393221 393221 393221 393221 393221 393221 393221 393221 16645619 16645619 16645619 16645619 16645619 16645619 16645619 16645619 7451152 7451152 7451152 7451152 7451152 6196491 6196491 6196491 6196491 -1 -1 -1 -1 -1 -1 -1 -1 -1 -1 -1 -1 -1 12827630 12827630 12827630 12827630 
12366818 12366818 12366818 12366818 -1 -1 -1 -1 -1 -1 -1 -1 -1 -1 10475811 10475811 10475811 10475811 8831255 8831255 8831255 8831255 8831255 8831255 8831255 8831255 8634119 8634119 8634119 8634119 8634119 16645619 16645619 16645619 16645619 16645619 16645619 16645619 16645619 393221 393221 393221 393221 393221 393221 393221 393221 16645619 16645619 16645619 16645619 16645619 16645619 16645619 16645619 7451152 7451152 7451152 7451152 7451152 6196491 6196491 6196491 6196491 -1 -1 -1 -1 -1 -1 -1 -1 -1 -1 -1 -1 -1 12827630 12827630 12827630 12827630 
12366818 12366818 12366818 12366818 -1 -1 -1 -1 -1 -1 -1 -1 -1 -1 10475811 10475811 10475811 10475811 8831255 8831255 8831255 8831255 8831255 8831255 8831255 8831255 8634119 8634119 8634119 8634119 8634119 16645619 16645619 16645619 16645619 16645619 16645619 16645619 16645619 393221 393221 393221 393221 393221 393221 393221 393221 16645619 16645619 16645619 16645619 16645619 16645619 16645619 16645619 7451152 7451152 7451152 7451152 5938707 5938707 5938707 5938707 5938707 6196491 6196491 6196491 6196491 -1 -1 -1 -1 -1 -1 -1 -1 -1 12827630 12827630 12827630 12827630 
12366818 12366818 12366818 12366818 -1 -1 -1 -1 -1 -1 -1 -1 -1 -1 10475811 10475811 10475811 10475811 8831255 8831255 8831255 8831255 8831255 8831255 8831255 8831255 8634119 8634119 8634119 8634119 8634119 16645619 16645619 16645619 16645619 16645619 16645619 16645619 16645619 393221 393221 393221 393221 393221 393221 393221 393221 16645619 16645619 16645619 16645619 16645619 16645619 16645619 16645619 7451152 7451152 7451152 7451152 5938707 5938707 5938707 5938707 5938707 6196491 6196491 6196491 6196491 -1 -1 -1 -1 -1 -1 -1 -1 -1 12827630 12827630 12827630 12827630 
12366818 12366818 12366818 12366818 -1 -1 -1 -1 -1 -1 -1 -1 -1 -1 10475811 10475811 10475811 10475811 8831255 8831255 8831255 8831255 8831255 8831255 8831255 8831255 8634119 8634119 8634119 8634119 8634119 16645619 16645619 16645619 16645619 16645619 16645619 16645619 16645619 393221 393221 393221 393221 393221 393221 393221 393221 16645619 16645619 16645619 16645619 16645619 16645619 16645619 16645619 7451152 7451152 7451152 7451152 5938707 5938707 5938707 5938707 5938707 6196491 6196491 6196491 6196491 -1 -1 -1 -1 -1 -1 -1 -1 -1 12827630 12827630 12827630 12827630 
12366818 12366818 12366818 12366818 -1 -1 -1 -1 -1 -1 -1 -1 -1 -1 10475811 10475811 10475811 10475811 8831255 8831255 8831255 8831255 8831255 8831255 8831255 8831255 8831255 8831255 8831255 8831255 8831255 16645619 16645619 16645619 16645619 16645619 16645619 16645619 16645619 393221 393221 393221 393221 393221 393221 393221 393221 16645619 16645619 16645619 16645619 16645619 16645619 16645619 16645619 7451152 7451152 7451152 7451152 5938707 5938707 5938707 5938707 5938707 6196491 6196491 6196491 6196491 -1 -1 -1 -1 -1 -1 -1 -1 -1 12827630 12827630 12827630 12827630 
12366818 12366818 12366818 12366818 -1 -1 -1 -1 -1 -1 -1 -1 -1 -1 10475811 10475811 10475811 10475811 8831255 8831255 8831255 8831255 8831255 8831255 8831255 8831255 8831255 8831255 8831255 8831255 8831255 8831255 8831255 8831255 8831255 16645619 16645619 16645619 16645619 16645619 16645619 16645619 16645619 16645619 16645619 16645619 16645619 16645619 16645619 16645619 16645619 7451152 7451152 7451152 7451152 7451152 7451152 7451152 7451152 5938707 5938707 5938707 5938707 5938707 6196491 6196491 6196491 6196491 -1 -1 -1 -1 -1 -1 -1 -1 -1 12827630 12827630 12827630 12827630 
12366818 12366818 12366818 12366818 -1 -1 -1 -1 -1 -1 -1 -1 -1 -1 10475811 10475811 10475811 10475811 8831255 8831255 8831255 8831255 8831255 8831255 8831255 8831255 8831255 8831255 8831255 8831255 8831255 8831255 8831255 8831255 8831255 16645619 16645619 16645619 16645619 16645619 16645619 16645619 16645619 16645619 16645619 16645619 16645619 16645619 16645619 16645619 16645619 7451152 7451152 7451152 7451152 7451152 7451152 7451152 7451152 5938707 5938707 5938707 5938707 5938707 6196491 6196491 6196491 6196491 -1 -1 -1 -1 -1 -1 -1 -1 -1 12827630 12827630 12827630 12827630 
12366818 12366818 12366818 12366818 -1 -1 -1 -1 -1 -1 -1 -1 -1 -1 10475811 10475811 10475811 10475811 8831255 8831255 8831255 8831255 8831255 8831255 8831255 8831255 8831255 8831255 8831255 8831255 8831255 8831255 8831255 8831255 8831255 16645619 16645619 16645619 16645619 16645619 16645619 16645619 16645619 16645619 16645619 16645619 16645619 16645619 16645619 16645619 16645619 7451152 7451152 7451152 7451152 7451152 7451152 7451152 7451152 5938707 5938707 5938707 5938707 5938707 6196491 6196491 6196491 6196491 -1 -1 -1 -1 -1 -1 -1 -1 -1 12827630 12827630 12827630 12827630 
12366818 12366818 12366818 12366818 -1 -1 -1 -1 -1 -1 -1 -1 -1 -1 10475811 10475811 10475811 10475811 8831255 8831255 8831255 8831255 8831255 8831255 8831255 8831255 8831255 8831255 8831255 8831255 8831255 8831255 8831255 8831255 8831255 16645619 16645619 16645619 16645619 16645619 16645619 16645619 16645619 16645619 16645619 16645619 16645619 16645619 16645619 16645619 16645619 7451152 7451152 7451152 7451152 7451152 7451152 7451152 7451152 5938707 5938707 5938707 5938707 5938707 6196491 6196491 6196491 6196491 -1 -1 -1 -1 -1 -1 -1 -1 -1 12827630 12827630 12827630 12827630 
-1 -1 -1 -1 13484270 13484270 13484270 13484270 13484270 -1 -1 -1 -1 -1 -1 -1 -1 -1 10475811 10475811 10475811 10475811 8831255 8831255 8831255 8831255 8831255 8831255 8831255 8831255 8831255 8831255 8831255 8831255 8831255 8831255 8831255 8831255 8831255 16645619 16645619 16645619 16645619 16645619 16645619 16645619 16645619 7451152 7451152 7451152 7451152 7451152 7451152 7451152 7451152 7451152 7451152 7451152 7451152 5938707 5938707 5938707 5938707 5938707 6196491 6196491 6196491 6196491 -1 -1 -1 -1 -1 14402559 14402559 14402559 14402559 -1 -1 -1 -1 
-1 -1 -1 -1 13484270 13484270 13484270 13484270 13484270 -1 -1 -1 -1 -1 -1 -1 -1 -1 10475811 10475811 10475811 10475811 8831255 8831255 8831255 8831255 8831255 8831255 8831255 8831255 8831255 8831255 8831255 8831255 8831255 8831255 8831255 8831255 8831255 16645619 16645619 16645619 16645619 16645619 16645619 16645619 16645619 7451152 7451152 7451152 7451152 7451152 7451152 7451152 7451152 5938707 5938707 5938707 5938707 6196491 6196491 6196491 6196491 6196491 -1 -1 -1 -1 -1 -1 -1 -1 -1 14402559 14402559 14402559 14402559 -1 -1 -1 -1 
-1 -1 -1 -1 13484270 13484270 13484270 13484270 13484270 -1 -1 -1 -1 -1 -1 -1 -1 -1 10475811 10475811 10475811 10475811 8831255 8831255 8831255 8831255 8831255 8831255 8831255 8831255 8831255 8831255 8831255 8831255 8831255 8831255 8831255 8831255 8831255 16645619 16645619 16645619 16645619 16645619 16645619 16645619 16645619 7451152 7451152 7451152 7451152 7451152 7451152 7451152 7451152 5938707 5938707 5938707 5938707 6196491 6196491 6196491 6196491 6196491 -1 -1 -1 -1 -1 -1 -1 -1 -1 14402559 14402559 14402559 14402559 -1 -1 -1 -1 
-1 -1 -1 -1 13484270 13484270 13484270 13484270 13484270 -1 -1 -1 -1 -1 -1 -1 -1 -1 10475811 10475811 10475811 10475811 8831255 8831255 8831255 8831255 8831255 8831255 8831255 8831255 8831255 8831255 8831255 8831255 8831255 8831255 8831255 8831255 8831255 16645619 16645619 16645619 16645619 16645619 16645619 16645619 16645619 7451152 7451152 7451152 7451152 7451152 7451152 7451152 7451152 5938707 5938707 5938707 5938707 6196491 6196491 6196491 6196491 6196491 -1 -1 -1 -1 -1 -1 -1 -1 -1 14402559 14402559 14402559 14402559 -1 -1 -1 -1 
-1 -1 -1 -1 13484270 13484270 13484270 13484270 13484270 -1 -1 -1 -1 -1 -1 -1 -1 -1 10475811 10475811 10475811 10475811 8831255 8831255 8831255 8831255 8831255 8831255 8831255 8831255 8831255 8831255 8831255 8831255 8831255 8831255 8831255 8831255 8831255 7451152 7451152 7451152 7451152 7451152 7451152 7451152 7451152 7451152 7451152 7451152 7451152 7451152 7451152 7451152 7451152 5938707 5938707 5938707 5938707 6196491 6196491 6196491 6196491 6196491 -1 -1 -1 -1 -1 -1 -1 -1 -1 14402559 14402559 14402559 14402559 -1 -1 -1 -1 
-1 -1 -1 -1 -1 -1 -1 -1 -1 14137855 14137855 14137855 14137855 -1 -1 -1 -1 -1 -1 -1 -1 -1 10475811 10475811 10475811 10475811 8831255 8831255 8831255 8831255 8831255 8831255 8831255 8831255 8831255 8831255 8831255 8831255 8831255 7451152 7451152 7451152 7451152 7451152 7451152 7451152 7451152 7451152 7451152 7451152 7451152 5938707 5938707 5938707 5938707 6196491 6196491 6196491 6196491 -1 -1 -1 -1 -1 -1 -1 -1 -1 14402559 14402559 14402559 14402559 14402559 -1 -1 -1 -1 -1 -1 -1 -1 
-1 -1 -1 -1 -1 -1 -1 -1 -1 14137855 14137855 14137855 14137855 -1 -1 -1 -1 -1 -1 -1 -1 -1 10475811 10475811 10475811 10475811 8831255 8831255 8831255 8831255 8831255 8831255 8831255 8831255 8831255 8831255 8831255 8831255 8831255 7451152 7451152 7451152 7451152 7451152 7451152 7451152 7451152 7451152 7451152 7451152 7451152 5938707 5938707 5938707 5938707 6196491 6196491 6196491 6196491 -1 -1 -1 -1 -1 -1 -1 -1 -1 14402559 14402559 14402559 14402559 14402559 -1 -1 -1 -1 -1 -1 -1 -1 
-1 -1 -1 -1 -1 -1 -1 -1 -1 14137855 14137855 14137855 14137855 -1 -1 -1 -1 -1 -1 -1 -1 -1 10475811 10475811 10475811 10475811 8831255 8831255 8831255 8831255 8831255 8831255 8831255 8831255 8831255 8831255 8831255 8831255 8831255 7451152 7451152 7451152 7451152 7451152 7451152 7451152 7451152 7451152 7451152 7451152 7451152 5938707 5938707 5938707 5938707 6196491 6196491 6196491 6196491 -1 -1 -1 -1 -1 -1 -1 -1 -1 14402559 14402559 14402559 14402559 14402559 -1 -1 -1 -1 -1 -1 -1 -1 
-1 -1 -1 -1 -1 -1 -1 -1 -1 14137855 14137855 14137855 14137855 -1 -1 -1 -1 -1 -1 -1 -1 -1 10475811 10475811 10475811 10475811 8831255 8831255 8831255 8831255 8831255 8831255 8831255 8831255 8831255 8831255 8831255 8831255 8831255 7451152 7451152 7451152 7451152 7451152 7451152 7451152 7451152 7451152 7451152 7451152 7451152 5938707 5938707 5938707 5938707 6196491 6196491 6196491 6196491 -1 -1 -1 -1 -1 -1 -1 -1 -1 14402559 14402559 14402559 14402559 14402559 -1 -1 -1 -1 -1 -1 -1 -1 
-1 -1 -1 -1 -1 -1 -1 -1 -1 -1 -1 -1 -1 12503012 12503012 12503012 12503012 12503012 12503012 12503012 12503012 12503012 12503012 12503012 12503012 12503012 12503012 12503012 12503012 12503012 12503012 12503012 12503012 12503012 12503012 12503012 12503012 12503012 12503012 12503012 12503012 12503012 12503012 12503012 12503012 12503012 12503012 12503012 12503012 12503012 12503012 12503012 12503012 12503012 12503012 12503012 12503012 12503012 12503012 12503012 12503012 12503012 12503012 12503012 12503012 12503012 12503012 12503012 -1 -1 -1 -1 -1 -1 -1 -1 -1 -1 -1 -1 -1 
-1 -1 -1 -1 -1 -1 -1 -1 -1 -1 -1 -1 -1 12503012 12503012 12503012 12503012 12503012 12503012 12503012 12503012 12503012 12503012 12503012 12503012 12503012 12503012 12503012 12503012 12503012 12503012 12503012 12503012 12503012 12503012 12503012 12503012 12503012 12503012 12503012 12503012 12503012 12503012 12503012 12503012 12503012 12503012 12503012 12503012 12503012 12503012 12503012 12503012 12503012 12503012 12503012 12503012 12503012 12503012 12503012 12503012 12503012 12503012 12503012 12503012 12503012 12503012 12503012 -1 -1 -1 -1 -1 -1 -1 -1 -1 -1 -1 -1 -1 
-1 -1 -1 -1 -1 -1 -1 -1 -1 -1 -1 -1 -1 12503012 12503012 12503012 12503012 12503012 12503012 12503012 12503012 12503012 12503012 12503012 12503012 12503012 12503012 12503012 12503012 12503012 12503012 12503012 12503012 12503012 12503012 12503012 12503012 12503012 12503012 12503012 12503012 12503012 12503012 12503012 12503012 12503012 12503012 12503012 12503012 12503012 12503012 12503012 12503012 12503012 12503012 12503012 12503012 12503012 12503012 12503012 12503012 12503012 12503012 12503012 12503012 12503012 12503012 12503012 -1 -1 -1 -1 -1 -1 -1 -1 -1 -1 -1 -1 -1 
-1 -1 -1 -1 -1 -1 -1 -1 -1 -1 -1 -1 -1 12503012 12503012 12503012 12503012 12503012 12503012 12503012 12503012 12503012 12503012 12503012 12503012 12503012 12503012 12503012 12503012 12503012 12503012 12503012 12503012 12503012 12503012 12503012 12503012 12503012 12503012 12503012 12503012 12503012 12503012 12503012 12503012 12503012 12503012 12503012 12503012 12503012 12503012 12503012 12503012 12503012 12503012 12503012 12503012 12503012 12503012 12503012 12503012 12503012 12503012 12503012 12503012 12503012 12503012 12503012 -1 -1 -1 -1 -1 -1 -1 -1 -1 -1 -1 -1 -1 
-1 -1 -1 -1 -1 9403318 9403318 9403318 9403318 5522072 5522072 5522072 5522072 7628216 7628216 7628216 7628216 12830200 12830200 12830200 12830200 12830200 7308630 7308630 7308630 7308630 11250629 11250629 11250629 11250629 7312688 7312688 7312688 7312688 12233933 12233933 12233933 12233933 12233933 6719540 6719540 6719540 6719540 12233933 12233933 12233933 12233933 7181618 7181618 7181618 7181618 10330303 10330303 10330303 10330303 10330303 7639349 7639349 7639349 7639349 11120585 11120585 11120585 11120585 7244854 7244854 7244854 7244854 8223658 8223658 8223658 8223658 6178174 6178174 6178174 6178174 6178174 5325696 5325696 5325696 5325696 
-1 -1 -1 -1 -1 9403318 9403318 9403318 9403318 5522072 5522072 5522072 5522072 7628216 7628216 7628216 7628216 12830200 12830200 12830200 12830200 12830200 7308630 7308630 7308630 7308630 11250629 11250629 11250629 11250629 7312688 7312688 7312688 7312688 12233933 12233933 12233933 12233933 12233933 6719540 6719540 6719540 6719540 12233933 12233933 12233933 12233933 7181618 7181618 7181618 7181618 10330303 10330303 10330303 10330303 10330303 7639349 7639349 7639349 7639349 11120585 11120585 11120585 11120585 7244854 7244854 7244854 7244854 8223658 8223658 8223658 8223658 6178174 6178174 6178174 6178174 6178174 5325696 5325696 5325696 5325696 
-1 -1 -1 -1 -1 9403318 9403318 9403318 9403318 5522072 5522072 5522072 5522072 7628216 7628216 7628216 7628216 12830200 12830200 12830200 12830200 12830200 7308630 7308630 7308630 7308630 11250629 11250629 11250629 11250629 7312688 7312688 7312688 7312688 12233933 12233933 12233933 12233933 12233933 6719540 6719540 6719540 6719540 12233933 12233933 12233933 12233933 7181618 7181618 7181618 7181618 10330303 10330303 10330303 10330303 10330303 7639349 7639349 7639349 7639349 11120585 11120585 11120585 11120585 7244854 7244854 7244854 7244854 8223658 8223658 8223658 8223658 6178174 6178174 6178174 6178174 6178174 5325696 5325696 5325696 5325696 
-1 -1 -1 -1 -1 9403318 9403318 9403318 9403318 5522072 5522072 5522072 5522072 7628216 7628216 7628216 7628216 12830200 12830200 12830200 12830200 12830200 7308630 7308630 7308630 7308630 11250629 11250629 11250629 11250629 7312688 7312688 7312688 7312688 12233933 12233933 12233933 12233933 12233933 6719540 6719540 6719540 6719540 12233933 12233933 12233933 12233933 7181618 7181618 7181618 7181618 10330303 10330303 10330303 10330303 10330303 7639349 7639349 7639349 7639349 11120585 11120585 11120585 11120585 7244854 7244854 7244854 7244854 8223658 8223658 8223658 8223658 6178174 6178174 6178174 6178174 6178174 5325696 5325696 5325696 5325696 
-1 -1 -1 -1 -1 -1 -1 -1 -1 11720773 11720773 11720773 11720773 10865446 10865446 10865446 10865446 7046697 7046697 7046697 7046697 7046697 6907573 6907573 6907573 6907573 4538235 4538235 4538235 4538235 7312688 7312688 7312688 7312688 6907020 6907020 6907020 6907020 6907020 7442736 7442736 7442736 7442736 5327486 5327486 5327486 5327486 6723113 6723113 6723113 6723113 5853830 5853830 5853830 5853830 5853830 6456866 6456866 6456866 6456866 4472680 4472680 4472680 4472680 7574561 7574561 7574561 7574561 7639335 7639335 7639335 7639335 8428589 8428589 8428589 8428589 8428589 -1 -1 -1 -1 
-1 -1 -1 -1 -1 -1 -1 -1 -1 11720773 11720773 11720773 11720773 10865446 10865446 10865446 10865446 7046697 7046697 7046697 7046697 7046697 6907573 6907573 6907573 6907573 4538235 4538235 4538235 4538235 7312688 7312688 7312688 7312688 6907020 6907020 6907020 6907020 6907020 7442736 7442736 7442736 7442736 5327486 5327486 5327486 5327486 6723113 6723113 6723113 6723113 5853830 5853830 5853830 5853830 5853830 6456866 6456866 6456866 6456866 4472680 4472680 4472680 4472680 7574561 7574561 7574561 7574561 7639335 7639335 7639335 7639335 8428589 8428589 8428589 8428589 8428589 -1 -1 -1 -1 
-1 -1 -1 -1 -1 -1 -1 -1 -1 11720773 11720773 11720773 11720773 10865446 10865446 10865446 10865446 7046697 7046697 7046697 7046697 7046697 6907573 6907573 6907573 6907573 4538235 4538235 4538235 4538235 7312688 7312688 7312688 7312688 6907020 6907020 6907020 6907020 6907020 7442736 7442736 7442736 7442736 5327486 5327486 5327486 5327486 6723113 6723113 6723113 6723113 5853830 5853830 5853830 5853830 5853830 6456866 6456866 6456866 6456866 4472680 4472680 4472680 4472680 7574561 7574561 7574561 7574561 7639335 7639335 7639335 7639335 8428589 8428589 8428589 8428589 8428589 -1 -1 -1 -1 
-1 -1 -1 -1 -1 -1 -1 -1 -1 11720773 11720773 11720773 11720773 10865446 10865446 10865446 10865446 7046697 7046697 7046697 7046697 7046697 6907573 6907573 6907573 6907573 4538235 4538235 4538235 4538235 7312688 7312688 7312688 7312688 6907020 6907020 6907020 6907020 6907020 7442736 7442736 7442736 7442736 5327486 5327486 5327486 5327486 6723113 6723113 6723113 6723113 5853830 5853830 5853830 5853830 5853830 6456866 6456866 6456866 6456866 4472680 4472680 4472680 4472680 7574561 7574561 7574561 7574561 7639335 7639335 7639335 7639335 8428589 8428589 8428589 8428589 8428589 -1 -1 -1 -1 
-1 -1 -1 -1 -1 -1 -1 -1 -1 11720773 11720773 11720773 11720773 10865446 10865446 10865446 10865446 7046697 7046697 7046697 7046697 7046697 6907573 6907573 6907573 6907573 4538235 4538235 4538235 4538235 7312688 7312688 7312688 7312688 6907020 6907020 6907020 6907020 6907020 7442736 7442736 7442736 7442736 5327486 5327486 5327486 5327486 6723113 6723113 6723113 6723113 5523325 5523325 5523325 5523325 5523325 9015469 9015469 9015469 9015469 7507262 7507262 7507262 7507262 8158884 8158884 8158884 8158884 6381221 6381221 6381221 6381221 -1 -1 -1 -1 -1 11391559 11391559 11391559 11391559 
-1 -1 -1 -1 -1 10801955 10801955 10801955 10801955 -1 -1 -1 -1 11908032 11908032 11908032 11908032 8942777 8942777 8942777 8942777 8942777 7172513 7172513 7172513 7172513 7376438 7376438 7376438 7376438 7237013 7237013 7237013 7237013 8345003 8345003 8345003 8345003 8345003 10866744 10866744 10866744 10866744 7298708 7298708 7298708 7298708 8564036 8564036 8564036 8564036 5523325 5523325 5523325 5523325 5523325 9015469 9015469 9015469 9015469 7507262 7507262 7507262 7507262 8158884 8158884 8158884 8158884 6381221 6381221 6381221 6381221 -1 -1 -1 -1 -1 11391559 11391559 11391559 11391559 
-1 -1 -1 -1 -1 10801955 10801955 10801955 10801955 -1 -1 -1 -1 11908032 11908032 11908032 11908032 8942777 8942777 8942777 8942777 8942777 7172513 7172513 7172513 7172513 7376438 7376438 7376438 7376438 7237013 7237013 7237013 7237013 8345003 8345003 8345003 8345003 8345003 10866744 10866744 10866744 10866744 7298708 7298708 7298708 7298708 8564036 8564036 8564036 8564036 5523325 5523325 5523325 5523325 5523325 9015469 9015469 9015469 9015469 7507262 7507262 7507262 7507262 8158884 8158884 8158884 8158884 6381221 6381221 6381221 6381221 -1 -1 -1 -1 -1 11391559 11391559 11391559 11391559 
-1 -1 -1 -1 -1 10801955 10801955 10801955 10801955 -1 -1 -1 -1 11908032 11908032 11908032 11908032 8942777 8942777 8942777 8942777 8942777 7172513 7172513 7172513 7172513 7376438 7376438 7376438 7376438 7237013 7237013 7237013 7237013 8345003 8345003 8345003 8345003 8345003 10866744 10866744 10866744 10866744 7298708 7298708 7298708 7298708 8564036 8564036 8564036 8564036 5523325 5523325 5523325 5523325 5523325 9015469 9015469 9015469 9015469 7507262 7507262 7507262 7507262 8158884 8158884 8158884 8158884 6381221 6381221 6381221 6381221 -1 -1 -1 -1 -1 11391559 11391559 11391559 11391559 
-1 -1 -1 -1 -1 10801955 10801955 10801955 10801955 -1 -1 -1 -1 11908032 11908032 11908032 11908032 8942777 8942777 8942777 8942777 8942777 7172513 7172513 7172513 7172513 7376438 7376438 7376438 7376438 7237013 7237013 7237013 7237013 8345003 8345003 8345003 8345003 8345003 10866744 10866744 10866744 10866744 7298708 7298708 7298708 7298708 8564036 8564036 8564036 8564036 5523325 5523325 5523325 5523325 5523325 9015469 9015469 9015469 9015469 7507262 7507262 7507262 7507262 8158884 8158884 8158884 8158884 6381221 6381221 6381221 6381221 -1 -1 -1 -1 -1 11391559 11391559 11391559 11391559 
-1 -1 -1 -1 -1 10801955 10801955 10801955 10801955 -1 -1 -1 -1 -1 -1 -1 -1 -1 -1 -1 -1 -1 12242766 12242766 12242766 12242766 -1 -1 -1 -1 -1 -1 -1 -1 -1 -1 -1 -1 -1 11194654 11194654 11194654 11194654 -1 -1 -1 -1 -1 -1 -1 -1 10928184 10928184 10928184 10928184 -1 -1 -1 -1 -1 -1 -1 -1 -1 11128638 11128638 11128638 11128638 -1 -1 -1 -1 -1 -1 -1 -1 -1 7706145 7706145 7706145 7706145 
-1 -1 -1 -1 -1 10801955 10801955 10801955 10801955 -1 -1 -1 -1 -1 -1 -1 -1 -1 -1 -1 -1 -1 12242766 12242766 12242766 12242766 -1 -1 -1 -1 -1 -1 -1 -1 -1 -1 -1 -1 -1 11194654 11194654 11194654 11194654 -1 -1 -1 -1 -1 -1 -1 -1 10928184 10928184 10928184 10928184 -1 -1 -1 -1 -1 -1 -1 -1 -1 11128638 11128638 11128638 11128638 -1 -1 -1 -1 -1 -1 -1 -1 -1 7706145 7706145 7706145 7706145 
-1 -1 -1 -1 -1 10801955 10801955 10801955 10801955 -1 -1 -1 -1 -1 -1 -1 -1 -1 -1 -1 -1 -1 12242766 12242766 12242766 12242766 -1 -1 -1 -1 -1 -1 -1 -1 -1 -1 -1 -1 -1 11194654 11194654 11194654 11194654 -1 -1 -1 -1 -1 -1 -1 -1 10928184 10928184 10928184 10928184 -1 -1 -1 -1 -1 -1 -1 -1 -1 11128638 11128638 11128638 11128638 -1 -1 -1 -1 -1 -1 -1 -1 -1 7706145 7706145 7706145 7706145 
-1 -1 -1 -1 -1 10801955 10801955 10801955 10801955 -1 -1 -1 -1 -1 -1 -1 -1 -1 -1 -1 -1 -1 12242766 12242766 12242766 12242766 -1 -1 -1 -1 -1 -1 -1 -1 -1 -1 -1 -1 -1 11194654 11194654 11194654 11194654 -1 -1 -1 -1 -1 -1 -1 -1 10928184 10928184 10928184 10928184 -1 -1 -1 -1 -1 -1 -1 -1 -1 11128638 11128638 11128638 11128638 -1 -1 -1 -1 -1 -1 -1 -1 -1 7706145 7706145 7706145 7706145 
-1 -1 -1 -1 -1 -1 -1 -1 -1 11126076 11126076 11126076 11126076 -1 -1 -1 -1 -1 10401573 10401573 10401573 10401573 -1 -1 -1 -1 -1 -1 -1 -1 -1 -1 -1 -1 -1 10145814 10145814 10145814 10145814 -1 -1 -1 -1 -1 -1 -1 -1 -1 -1 -1 -1 8959009 8959009 8959009 8959009 -1 -1 -1 -1 -1 -1 -1 -1 -1 6920715 6920715 6920715 6920715 -1 -1 -1 -1 -1 8098872 8098872 8098872 8098872 -1 -1 -1 -1 
-1 -1 -1 -1 -1 -1 -1 -1 -1 11126076 11126076 11126076 11126076 -1 -1 -1 -1 -1 10401573 10401573 10401573 10401573 -1 -1 -1 -1 -1 -1 -1 -1 -1 -1 -1 -1 -1 10145814 10145814 10145814 10145814 -1 -1 -1 -1 -1 -1 -1 -1 -1 -1 -1 -1 8959009 8959009 8959009 8959009 -1 -1 -1 -1 -1 -1 -1 -1 -1 6920715 6920715 6920715 6920715 -1 -1 -1 -1 -1 8098872 8098872 8098872 8098872 -1 -1 -1 -1 
-1 -1 -1 -1 -1 -1 -1 -1 -1 11126076 11126076 11126076 11126076 -1 -1 -1 -1 -1 10401573 10401573 10401573 10401573 -1 -1 -1 -1 -1 -1 -1 -1 -1 -1 -1 -1 -1 10145814 10145814 10145814 10145814 -1 -1 -1 -1 -1 -1 -1 -1 -1 -1 -1 -1 8959009 8959009 8959009 8959009 -1 -1 -1 -1 -1 -1 -1 -1 -1 6920715 6920715 6920715 6920715 -1 -1 -1 -1 -1 8098872 8098872 8098872 8098872 -1 -1 -1 -1 
-1 -1 -1 -1 -1 -1 -1 -1 -1 11126076 11126076 11126076 11126076 -1 -1 -1 -1 -1 10401573 10401573 10401573 10401573 -1 -1 -1 -1 -1 -1 -1 -1 -1 -1 -1 -1 -1 10145814 10145814 10145814 10145814 -1 -1 -1 -1 -1 -1 -1 -1 -1 -1 -1 -1 8959009 8959009 8959009 8959009 -1 -1 -1 -1 -1 -1 -1 -1 -1 6920715 6920715 6920715 6920715 -1 -1 -1 -1 -1 8098872 8098872 8098872 8098872 -1 -1 -1 -1 
-1 -1 -1 -1 -1 -1 -1 -1 -1 -1 -1 -1 -1 -1 -1 -1 -1 -1 -1 -1 -1 -1 8096816 8096816 8096816 8096816 -1 -1 -1 -1 -1 -1 -1 -1 -1 11854154 11854154 11854154 11854154 -1 -1 -1 -1 -1 -1 -1 -1 -1 -1 -1 -1 8366377 8366377 8366377 8366377 -1 -1 -1 -1 -1 -1 -1 -1 -1 7114788 7114788 7114788 7114788 -1 -1 -1 -1 -1 -1 -1 -1 -1 -1 -1 -1 -1 
-1 -1 -1 -1 -1 -1 -1 -1 -1 -1 -1 -1 -1 -1 -1 -1 -1 -1 -1 -1 -1 -1 8096816 8096816 8096816 8096816 -1 -1 -1 -1 -1 -1 -1 -1 -1 11854154 11854154 11854154 11854154 -1 -1 -1 -1 -1 -1 -1 -1 -1 -1 -1 -1 8366377 8366377 8366377 8366377 -1 -1 -1 -1 -1 -1 -1 -1 -1 7114788 7114788 7114788 7114788 -1 -1 -1 -1 -1 -1 -1 -1 -1 -1 -1 -1 -1 
-1 -1 -1 -1 -1 -1 -1 -1 -1 -1 -1 -1 -1 -1 -1 -1 -1 -1 -1 -1 -1 -1 8096816 8096816 8096816 8096816 -1 -1 -1 -1 -1 -1 -1 -1 -1 11854154 11854154 11854154 11854154 -1 -1 -1 -1 -1 -1 -1 -1 -1 -1 -1 -1 8366377 8366377 8366377 8366377 -1 -1 -1 -1 -1 -1 -1 -1 -1 7114788 7114788 7114788 7114788 -1 -1 -1 -1 -1 -1 -1 -1 -1 -1 -1 -1 -1 
-1 -1 -1 -1 -1 -1 -1 -1 -1 -1 -1 -1 -1 -1 -1 -1 -1 -1 -1 -1 -1 -1 8096816 8096816 8096816 8096816 -1 -1 -1 -1 -1 -1 -1 -1 -1 11854154 11854154 11854154 11854154 -1 -1 -1 -1 -1 -1 -1 -1 -1 -1 -1 -1 8366377 8366377 8366377 8366377 -1 -1 -1 -1 -1 -1 -1 -1 -1 7114788 7114788 7114788 7114788 -1 -1 -1 -1 -1 -1 -1 -1 -1 -1 -1 -1 -1 
-1 -1 -1 -1 -1 -1 -1 -1 -1 -1 -1 -1 -1 -1 -1 -1 -1 -1 -1 -1 -1 -1 8096816 8096816 8096816 8096816 -1 -1 -1 -1 -1 -1 -1 -1 -1 11854154 11854154 11854154 11854154 -1 -1 -1 -1 -1 -1 -1 -1 8627260 8627260 8627260 8627260 -1 -1 -1 -1 -1 -1 -1 -1 -1 -1 -1 -1 -1 -1 -1 -1 -1 -1 -1 -1 -1 -1 -1 -1 -1 -1 -1 -1 -1 -1 
-1 -1 -1 -1 -1 -1 -1 -1 -1 -1 -1 -1 -1 -1 -1 -1 -1 -1 -1 -1 -1 -1 -1 -1 -1 -1 -1 -1 -1 -1 -1 -1 -1 -1 -1 -1 -1 -1 -1 10930738 10930738 10930738 10930738 -1 -1 -1 -1 8627260 8627260 8627260 8627260 -1 -1 -1 -1 -1 -1 -1 -1 -1 -1 -1 -1 -1 -1 -1 -1 -1 -1 -1 -1 -1 -1 -1 -1 -1 -1 -1 -1 -1 -1 
-1 -1 -1 -1 -1 -1 -1 -1 -1 -1 -1 -1 -1 -1 -1 -1 -1 -1 -1 -1 -1 -1 -1 -1 -1 -1 -1 -1 -1 -1 -1 -1 -1 -1 -1 -1 -1 -1 -1 10930738 10930738 10930738 10930738 -1 -1 -1 -1 8627260 8627260 8627260 8627260 -1 -1 -1 -1 -1 -1 -1 -1 -1 -1 -1 -1 -1 -1 -1 -1 -1 -1 -1 -1 -1 -1 -1 -1 -1 -1 -1 -1 -1 -1 
-1 -1 -1 -1 -1 -1 -1 -1 -1 -1 -1 -1 -1 -1 -1 -1 -1 -1 -1 -1 -1 -1 -1 -1 -1 -1 -1 -1 -1 -1 -1 -1 -1 -1 -1 -1 -1 -1 -1 10930738 10930738 10930738 10930738 -1 -1 -1 -1 8627260 8627260 8627260 8627260 -1 -1 -1 -1 -1 -1 -1 -1 -1 -1 -1 -1 -1 -1 -1 -1 -1 -1 -1 -1 -1 -1 -1 -1 -1 -1 -1 -1 -1 -1 
-1 -1 -1 -1 -1 -1 -1 -1 -1 -1 -1 -1 -1 -1 -1 -1 -1 -1 -1 -1 -1 -1 -1 -1 -1 -1 -1 -1 -1 -1 -1 -1 -1 -1 -1 -1 -1 -1 -1 10930738 10930738 10930738 10930738 -1 -1 -1 -1 -1 -1 -1 -1 -1 -1 -1 -1 -1 -1 -1 -1 -1 -1 -1 -1 -1 -1 -1 -1 -1 -1 -1 -1 -1 -1 -1 -1 -1 -1 -1 -1 -1 -1 
