20 19
-1 -1 -1 -1 -1 -1 12565234 12565232 12631025 12565232 12565232 12565232 12565232 -1 -1 -1 -1 -1 -1 
-1 -1 -1 -1 12565232 12565232 -1 -1 -1 -1 -1 -1 -1 12565232 12565232 -1 -1 -1 -1 
-1 -1 -1 12565232 16777215 -1 -1 -1 -1 -1 -1 -1 -1 -1 -1 12565232 -1 -1 -1 
-1 -1 12565232 16777215 -1 -1 -1 11001863 8699669 8699669 6921241 6921241 -1 -1 -1 -1 12565232 -1 -1 
-1 12565232 -1 -1 -1 -1 11001863 8699669 8699669 8699669 8699669 8699669 6921241 -1 -1 -1 -1 12565232 -1 
-1 12565232 -1 -1 -1 11001863 8699669 8699669 16777215 16777215 8699669 8699669 8699671 6921241 -1 -1 -1 12565232 -1 
12565232 -1 -1 -1 11001863 8699669 8699669 16777215 16777215 16777215 16777215 8699669 8699671 8699669 7249430 -1 -1 -1 12565232 
12565232 -1 -1 -1 11001863 8699669 16777215 16777215 3607620 3607620 16777215 16777215 8699671 8699671 6921241 -1 -1 -1 12565232 
12565232 -1 -1 10936071 8699669 8699669 16777215 16777215 3607620 3607620 16777215 16777215 8699671 8699671 8699671 6921241 -1 -1 12565232 
12565232 -1 -1 11001863 8699669 8699669 8699669 14803425 14803425 14803425 16777215 8699669 8699671 8699669 8699671 6921241 -1 -1 12565232 
-1 12565232 -1 -1 11001863 8699669 8765464 8699669 16777215 14803425 8699669 8699671 8699671 8699671 6921241 -1 -1 10197191 -1 
-1 -1 12565232 -1 -1 11001864 8699669 8699669 8699669 8699669 8699669 8699671 8699671 6921241 -1 -1 12565232 -1 -1 
-1 -1 -1 12565232 12565232 12565232 12565232 12565232 12565232 12565232 12565232 12565232 12565232 12565232 12565232 12565232 -1 -1 -1 
-1 11117523 7690945 6177173 12565232 6921241 11117523 6921241 11117523 6921241 11117523 6921241 11117523 6921241 11117523 6921241 8617154 7690945 6177173 
-1 -1 11001863 11001863 6921241 7690945 6177173 6921241 6177173 6921241 6177173 6921241 6177173 6921241 6177173 6921241 7513621 7513621 -1 
-1 11001863 -1 11117523 8617154 7690945 6921241 7690945 7690945 11001863 7690945 8699669 7690945 8617154 6921241 8617154 7690945 -1 11001863 
-1 11001863 -1 -1 -1 11001863 -1 -1 -1 11001863 -1 -1 11001863 -1 -1 11001863 -1 -1 7513621 
-1 -1 11001863 -1 11001863 -1 -1 -1 11001863 -1 -1 -1 8699669 -1 -1 6921241 -1 7513621 -1 
-1 -1 -1 -1 -1 6921241 -1 -1 11001863 -1 -1 -1 8699669 -1 -1 6921241 -1 -1 -1 
-1 -1 -1 -1 -1 -1 -1 -1 -1 11001863 -1 8699669 -1 -1 -1 -1 -1 -1 -1 
