19 18
-1 -1 -1 -1 -1 -1 12565232 12565232 12565232 12565232 12565232 12565232 -1 -1 -1 -1 -1 -1 
-1 -1 -1 -1 12565232 12565232 -1 -1 -1 -1 -1 -1 12565232 12565232 -1 -1 -1 -1 
-1 -1 -1 12565232 16777215 -1 -1 16506890 15910415 15910415 14588174 -1 -1 -1 12565232 -1 -1 -1 
-1 -1 12565232 16777215 -1 -1 16506890 15910415 15910415 15910415 15910415 14588174 -1 -1 -1 12565232 -1 -1 
-1 12565232 -1 -1 -1 16506890 15910415 15910415 15910415 15910415 15910415 15910415 14588174 -1 -1 -1 12565232 -1 
-1 12565232 -1 -1 16506890 15910415 15910415 16777215 16777215 16777215 16777215 15910415 15910415 14588174 -1 -1 12565232 -1 
12565232 -1 -1 -1 16506890 15910415 16777215 16777215 3607620 3607620 16777215 16777215 15910415 14588173 -1 -1 -1 12565232 
12565232 -1 -1 -1 16506890 15910415 15910415 16777215 16777215 16777215 16777215 15910415 15910415 14718992 -1 -1 -1 12565232 
12565232 -1 16572937 14002215 16506890 15910415 15910415 15910415 15910415 15910415 15910415 15910415 15910415 14588174 14660380 14588174 -1 12565232 
12565232 -1 -1 16506890 16506890 15910415 15910415 14671839 14474460 16777215 14803425 15910415 15910415 14588174 14588174 -1 -1 12565232 
-1 12565232 -1 -1 16506890 15910415 16777215 16777215 3607620 3607620 16777215 16777215 15910415 14588174 -1 -1 12565745 -1 
-1 -1 12565232 -1 16506890 15910415 15910415 16777215 16777215 16777215 16777215 15910415 15910415 14588174 -1 12565232 -1 -1 
-1 -1 -1 12565232 16506890 15910415 15910415 15910415 15910415 15910415 15910415 15910415 15910415 14588174 12565232 -1 -1 -1 
-1 -1 12565232 11117523 12565232 12565232 12565232 12565232 12565232 12565232 12565232 12565232 12565232 12565232 7690945 6177173 -1 -1 
-1 12565232 11117523 11117523 16471455 15678053 11117523 11117523 11117523 11117523 8617154 8617154 8617154 16471455 15678053 7690945 7690945 -1 
-1 -1 -1 12565232 12565232 11117523 11117523 11117523 16471455 15678053 11117523 8617154 8617154 7690945 7690945 -1 -1 -1 
-1 -1 -1 -1 -1 7355026 12565232 11117523 11117523 8617154 8617154 7690945 7355026 -1 -1 -1 -1 -1 
-1 -1 -1 -1 7355026 -1 -1 -1 -1 7355026 -1 -1 -1 7355026 -1 -1 -1 -1 
-1 -1 -1 7355026 -1 -1 -1 -1 -1 7355026 -1 -1 -1 -1 7355026 -1 -1 -1 
