77 87
-1 -1 -1 -1 -1 -1 -1 -1 -1 -1 -1 -1 -1 -1 -1 -1 -1 -1 -1 -1 -1 -1 -1 -1 -1 -1 12957672 12957672 12957672 12957672 12957672 12957672 12957672 12957672 12957672 12957672 12957672 12957672 12957672 12957672 12957672 12957672 12957672 12957672 12957672 12957672 12957672 12957672 12957672 12957672 12957672 12957672 12957672 12957672 12957672 12957672 12957672 12957672 12957672 12957672 -1 -1 -1 -1 -1 -1 -1 -1 -1 -1 -1 -1 -1 -1 -1 -1 -1 -1 -1 -1 -1 -1 -1 -1 -1 -1 -1 
-1 -1 -1 -1 -1 -1 -1 -1 -1 -1 -1 -1 -1 -1 -1 -1 -1 -1 -1 -1 -1 -1 -1 -1 -1 -1 12957672 12957672 12957672 12957672 12957672 12957672 12957672 12957672 12957672 12957672 12957672 12957672 12957672 12957672 12957672 12957672 12957672 12957672 12957672 12957672 12957672 12957672 12957672 12957672 12957672 12957672 12957672 12957672 12957672 12957672 12957672 12957672 12957672 12957672 -1 -1 -1 -1 -1 -1 -1 -1 -1 -1 -1 -1 -1 -1 -1 -1 -1 -1 -1 -1 -1 -1 -1 -1 -1 -1 -1 
-1 -1 -1 -1 -1 -1 -1 -1 -1 -1 -1 -1 -1 -1 -1 -1 -1 -1 -1 -1 -1 -1 -1 -1 -1 -1 12957672 12957672 12957672 12957672 12957672 12957672 12957672 12957672 12957672 12957672 12957672 12957672 12957672 12957672 12957672 12957672 12957672 12957672 12957672 12957672 12957672 12957672 12957672 12957672 12957672 12957672 12957672 12957672 12957672 12957672 12957672 12957672 12957672 12957672 -1 -1 -1 -1 -1 -1 -1 -1 -1 -1 -1 -1 -1 -1 -1 -1 -1 -1 -1 -1 -1 -1 -1 -1 -1 -1 -1 
-1 -1 -1 -1 -1 -1 -1 -1 -1 -1 -1 -1 -1 -1 -1 -1 -1 -1 -1 -1 -1 -1 -1 -1 -1 -1 12957672 12957672 12957672 12957672 12957672 12957672 12957672 12957672 12957672 12957672 12957672 12957672 12957672 12957672 12957672 12957672 12957672 12957672 12957672 12957672 12957672 12957672 12957672 12957672 12957672 12957672 12957672 12957672 12957672 12957672 12957672 12957672 12957672 12957672 -1 -1 -1 -1 -1 -1 -1 -1 -1 -1 -1 -1 -1 -1 -1 -1 -1 -1 -1 -1 -1 -1 -1 -1 -1 -1 -1 
-1 -1 -1 -1 -1 -1 -1 -1 -1 -1 -1 -1 -1 -1 -1 -1 -1 -1 12957672 12957672 12957672 12957672 12957672 12957672 12957672 12957672 -1 -1 -1 -1 -1 -1 -1 -1 -1 -1 -1 -1 -1 -1 -1 -1 -1 -1 -1 -1 -1 -1 -1 -1 -1 -1 -1 -1 -1 -1 -1 -1 -1 -1 12957672 12957672 12957672 12957672 12957672 12957672 12957672 12957672 12957672 -1 -1 -1 -1 -1 -1 -1 -1 -1 -1 -1 -1 -1 -1 -1 -1 -1 -1 
-1 -1 -1 -1 -1 -1 -1 -1 -1 -1 -1 -1 -1 -1 -1 -1 -1 -1 12957672 12957672 12957672 12957672 12957672 12957672 12957672 12957672 -1 -1 -1 -1 -1 -1 -1 -1 -1 -1 -1 -1 -1 -1 -1 -1 -1 -1 -1 -1 -1 -1 -1 -1 -1 -1 -1 -1 -1 -1 -1 -1 -1 -1 12957672 12957672 12957672 12957672 12957672 12957672 12957672 12957672 12957672 -1 -1 -1 -1 -1 -1 -1 -1 -1 -1 -1 -1 -1 -1 -1 -1 -1 -1 
-1 -1 -1 -1 -1 -1 -1 -1 -1 -1 -1 -1 -1 -1 -1 -1 -1 -1 12957672 12957672 12957672 12957672 12957672 12957672 12957672 12957672 -1 -1 -1 -1 -1 -1 -1 -1 -1 -1 -1 -1 -1 -1 -1 -1 -1 -1 -1 -1 -1 -1 -1 -1 -1 -1 -1 -1 -1 -1 -1 -1 -1 -1 12957672 12957672 12957672 12957672 12957672 12957672 12957672 12957672 12957672 -1 -1 -1 -1 -1 -1 -1 -1 -1 -1 -1 -1 -1 -1 -1 -1 -1 -1 
-1 -1 -1 -1 -1 -1 -1 -1 -1 -1 -1 -1 -1 -1 -1 -1 -1 -1 12957672 12957672 12957672 12957672 12957672 12957672 12957672 12957672 -1 -1 -1 -1 -1 -1 -1 -1 -1 -1 -1 -1 -1 -1 -1 -1 -1 -1 -1 -1 -1 -1 -1 -1 -1 -1 -1 -1 -1 -1 -1 -1 -1 -1 12957672 12957672 12957672 12957672 12957672 12957672 12957672 12957672 12957672 -1 -1 -1 -1 -1 -1 -1 -1 -1 -1 -1 -1 -1 -1 -1 -1 -1 -1 
-1 -1 -1 -1 -1 -1 -1 -1 -1 -1 -1 -1 -1 12957672 12957672 12957672 12957672 12957672 16711167 16711167 16711167 16711167 -1 -1 -1 -1 -1 -1 -1 -1 -1 -1 -1 -1 -1 -1 -1 -1 -1 -1 -1 -1 -1 -1 -1 -1 -1 -1 -1 -1 -1 -1 -1 -1 -1 -1 -1 -1 -1 -1 -1 -1 -1 -1 -1 -1 -1 -1 -1 12957672 12957672 12957672 12957672 -1 -1 -1 -1 -1 -1 -1 -1 -1 -1 -1 -1 -1 -1 
-1 -1 -1 -1 -1 -1 -1 -1 -1 -1 -1 -1 -1 12957672 12957672 12957672 12957672 12957672 16711167 16711167 16711167 16711167 -1 -1 -1 -1 -1 -1 -1 -1 -1 -1 -1 -1 -1 -1 -1 -1 -1 -1 -1 -1 -1 -1 -1 -1 -1 -1 -1 -1 -1 -1 -1 -1 -1 -1 -1 -1 -1 -1 -1 -1 -1 -1 -1 -1 -1 -1 -1 12957672 12957672 12957672 12957672 -1 -1 -1 -1 -1 -1 -1 -1 -1 -1 -1 -1 -1 -1 
-1 -1 -1 -1 -1 -1 -1 -1 -1 -1 -1 -1 -1 12957672 12957672 12957672 12957672 12957672 16711167 16711167 16711167 16711167 -1 -1 -1 -1 -1 -1 -1 -1 -1 -1 -1 -1 -1 -1 -1 -1 -1 -1 -1 -1 -1 -1 -1 -1 -1 -1 -1 -1 -1 -1 -1 -1 -1 -1 -1 -1 -1 -1 -1 -1 -1 -1 -1 -1 -1 -1 -1 12957672 12957672 12957672 12957672 -1 -1 -1 -1 -1 -1 -1 -1 -1 -1 -1 -1 -1 -1 
-1 -1 -1 -1 -1 -1 -1 -1 -1 -1 -1 -1 -1 12957672 12957672 12957672 12957672 12957672 16711167 16711167 16711167 16711167 -1 -1 -1 -1 -1 -1 -1 -1 -1 -1 -1 -1 -1 -1 -1 -1 -1 -1 -1 -1 -1 -1 -1 -1 -1 -1 -1 -1 -1 -1 -1 -1 -1 -1 -1 -1 -1 -1 -1 -1 -1 -1 -1 -1 -1 -1 -1 12957672 12957672 12957672 12957672 -1 -1 -1 -1 -1 -1 -1 -1 -1 -1 -1 -1 -1 -1 
-1 -1 -1 -1 -1 -1 -1 -1 -1 -1 -1 -1 -1 12957672 12957672 12957672 12957672 12957672 16711167 16711167 16711167 16711167 -1 -1 -1 -1 -1 -1 -1 -1 -1 -1 -1 -1 -1 -1 -1 -1 -1 -1 -1 -1 -1 -1 -1 -1 -1 -1 -1 -1 -1 -1 -1 -1 -1 -1 -1 -1 -1 -1 -1 -1 -1 -1 -1 -1 -1 -1 -1 -1 -1 -1 -1 12957672 12957672 12957672 12957672 -1 -1 -1 -1 -1 -1 -1 -1 -1 -1 
-1 -1 -1 -1 -1 -1 -1 -1 -1 12957672 12957672 12957672 12957672 16711167 16711167 16711167 16711167 16711167 15326013 15326013 15326013 15326013 -1 -1 -1 -1 -1 -1 -1 -1 -1 -1 -1 -1 -1 557775 557775 557775 557775 557775 557775 557775 557775 557775 557775 557775 557775 557775 557775 557775 557775 557775 557775 -1 -1 -1 -1 -1 -1 -1 -1 -1 -1 -1 -1 15326013 15326013 15326013 15326013 -1 -1 -1 -1 12957672 12957672 12957672 12957672 -1 -1 -1 -1 -1 -1 -1 -1 -1 -1 
-1 -1 -1 -1 -1 -1 -1 -1 -1 12957672 12957672 12957672 12957672 16711167 16711167 16711167 16711167 16711167 15326013 15326013 15326013 15326013 -1 -1 -1 -1 -1 -1 -1 -1 -1 -1 -1 -1 -1 557775 557775 557775 557775 557775 557775 557775 557775 557775 557775 557775 557775 557775 557775 557775 557775 557775 557775 -1 -1 -1 -1 -1 -1 -1 -1 -1 -1 -1 -1 15326013 15326013 15326013 15326013 -1 -1 -1 -1 12957672 12957672 12957672 12957672 -1 -1 -1 -1 -1 -1 -1 -1 -1 -1 
-1 -1 -1 -1 -1 -1 -1 -1 -1 12957672 12957672 12957672 12957672 16711167 16711167 16711167 16711167 16711167 15326013 15326013 15326013 15326013 -1 -1 -1 -1 -1 -1 -1 -1 -1 -1 -1 -1 -1 557775 557775 557775 557775 557775 557775 557775 557775 557775 557775 557775 557775 557775 557775 557775 557775 557775 557775 -1 -1 -1 -1 -1 -1 -1 -1 -1 -1 -1 -1 15326013 15326013 15326013 15326013 -1 -1 -1 -1 12957672 12957672 12957672 12957672 -1 -1 -1 -1 -1 -1 -1 -1 -1 -1 
-1 -1 -1 -1 -1 -1 -1 -1 -1 12957672 12957672 12957672 12957672 16711167 16711167 16711167 16711167 16711167 15326013 15326013 15326013 15326013 -1 -1 -1 -1 -1 -1 -1 -1 -1 -1 -1 -1 -1 557775 557775 557775 557775 557775 557775 557775 557775 557775 557775 557775 557775 557775 557775 557775 557775 557775 557775 -1 -1 -1 -1 -1 -1 -1 -1 -1 -1 -1 -1 15326013 15326013 15326013 15326013 -1 -1 -1 -1 12957672 12957672 12957672 12957672 -1 -1 -1 -1 -1 -1 -1 -1 -1 -1 
-1 -1 -1 -1 -1 -1 -1 -1 -1 12957672 12957672 12957672 12957672 -1 -1 -1 -1 -1 13212737 13212737 13212737 13212737 13212737 13212737 13212737 13212737 569844 569844 569844 569844 557775 557775 557775 557775 557775 557775 557775 557775 557775 557775 557775 557775 557775 557775 557775 557775 557775 557775 557775 557775 557775 557775 557775 557775 557775 557775 557775 557775 557775 557775 557775 13212737 13212737 13212737 13212737 13212737 13212737 13212737 13212737 -1 -1 -1 -1 12957672 12957672 12957672 12957672 -1 -1 -1 -1 -1 -1 -1 -1 -1 -1 
-1 -1 -1 -1 -1 -1 -1 -1 -1 12957672 12957672 12957672 12957672 -1 -1 -1 -1 -1 13212737 13212737 13212737 13212737 13212737 13212737 13212737 13212737 569844 569844 569844 569844 557775 557775 557775 557775 557775 557775 557775 557775 557775 557775 557775 557775 557775 557775 557775 557775 557775 557775 557775 557775 557775 557775 557775 557775 557775 557775 557775 557775 557775 557775 557775 13212737 13212737 13212737 13212737 13212737 13212737 13212737 13212737 -1 -1 -1 -1 12957672 12957672 12957672 12957672 -1 -1 -1 -1 -1 -1 -1 -1 -1 -1 
-1 -1 -1 -1 -1 -1 -1 -1 -1 12957672 12957672 12957672 12957672 -1 -1 -1 -1 -1 13212737 13212737 13212737 13212737 13212737 13212737 13212737 13212737 569844 569844 569844 569844 557775 557775 557775 557775 557775 557775 557775 557775 557775 557775 557775 557775 557775 557775 557775 557775 557775 557775 557775 557775 557775 557775 557775 557775 557775 557775 557775 557775 557775 557775 557775 13212737 13212737 13212737 13212737 13212737 13212737 13212737 13212737 -1 -1 -1 -1 12957672 12957672 12957672 12957672 -1 -1 -1 -1 -1 -1 -1 -1 -1 -1 
-1 -1 -1 -1 -1 -1 -1 -1 -1 12957672 12957672 12957672 12957672 -1 -1 -1 -1 -1 13212737 13212737 13212737 13212737 13212737 13212737 13212737 13212737 569844 569844 569844 569844 557775 557775 557775 557775 557775 557775 557775 557775 557775 557775 557775 557775 557775 557775 557775 557775 557775 557775 557775 557775 557775 557775 557775 557775 557775 557775 557775 557775 557775 557775 557775 13212737 13212737 13212737 13212737 13212737 13212737 13212737 13212737 -1 -1 -1 -1 12957672 12957672 12957672 12957672 -1 -1 -1 -1 -1 -1 -1 -1 -1 -1 
-1 -1 -1 -1 -1 12957672 12957672 12957672 12957672 -1 -1 -1 -1 -1 -1 -1 -1 -1 13212737 13212737 13212737 13212737 569844 569844 569844 569844 557775 557775 557775 557775 557775 557775 557775 557775 557775 557775 557775 557775 557775 557775 557775 557775 557775 557775 557775 557775 557775 557775 557775 557775 557775 557775 557775 557775 557775 557775 557775 557775 557775 557775 557775 557775 557775 557775 557775 13212737 13212737 13212737 13212737 -1 -1 -1 -1 -1 -1 -1 -1 12957672 12957672 12957672 12957672 -1 -1 -1 -1 -1 -1 
-1 -1 -1 -1 -1 12957672 12957672 12957672 12957672 -1 -1 -1 -1 -1 -1 -1 -1 -1 13212737 13212737 13212737 13212737 569844 569844 569844 569844 557775 557775 557775 557775 557775 557775 557775 557775 557775 557775 557775 557775 557775 16711423 16711423 16711423 16711423 16711423 16711423 16711423 16711423 16711423 16711423 16711423 16711423 557775 557775 557775 557775 557775 557775 557775 557775 557775 557775 557775 557775 557775 557775 13212737 13212737 13212737 13212737 -1 -1 -1 -1 -1 -1 -1 -1 12957672 12957672 12957672 12957672 -1 -1 -1 -1 -1 -1 
-1 -1 -1 -1 -1 12957672 12957672 12957672 12957672 -1 -1 -1 -1 -1 -1 -1 -1 -1 13212737 13212737 13212737 13212737 569844 569844 569844 569844 557775 557775 557775 557775 557775 557775 557775 557775 557775 557775 557775 557775 557775 16711423 16711423 16711423 16711423 16711423 16711423 16711423 16711423 16711423 16711423 16711423 16711423 557775 557775 557775 557775 557775 557775 557775 557775 557775 557775 557775 557775 557775 557775 13212737 13212737 13212737 13212737 -1 -1 -1 -1 -1 -1 -1 -1 12957672 12957672 12957672 12957672 -1 -1 -1 -1 -1 -1 
-1 -1 -1 -1 -1 12957672 12957672 12957672 12957672 -1 -1 -1 -1 -1 -1 -1 -1 -1 13212737 13212737 13212737 13212737 569844 569844 569844 569844 557775 557775 557775 557775 557775 557775 557775 557775 557775 557775 557775 557775 557775 16711423 16711423 16711423 16711423 16711423 16711423 16711423 16711423 16711423 16711423 16711423 16711423 557775 557775 557775 557775 557775 557775 557775 557775 557775 557775 557775 557775 557775 557775 13212737 13212737 13212737 13212737 -1 -1 -1 -1 -1 -1 -1 -1 12957672 12957672 12957672 12957672 -1 -1 -1 -1 -1 -1 
-1 -1 -1 -1 -1 12957672 12957672 12957672 12957672 -1 -1 -1 -1 -1 -1 -1 -1 -1 569844 569844 569844 569844 557775 557775 557775 557775 557775 557775 557775 557775 557775 557775 557775 557775 557775 557775 557775 557775 557775 16711423 16711423 16711423 16711423 16711423 16711423 16711423 16711423 16711423 16711423 16711423 16711423 557775 557775 557775 557775 557775 557775 557775 557775 557775 557775 557775 557775 557775 557775 557775 557775 557775 557775 -1 -1 -1 -1 -1 -1 -1 -1 12957672 12957672 12957672 12957672 -1 -1 -1 -1 -1 -1 
-1 -1 -1 -1 -1 12957672 12957672 12957672 12957672 -1 -1 -1 -1 -1 -1 -1 -1 -1 569844 569844 569844 569844 557775 557775 557775 557775 557775 557775 557775 557775 557775 557775 557775 557775 557775 16711423 16711423 16711423 16711423 16711423 16711423 16711423 16711423 16711423 16711423 16711423 16711423 16711423 16711423 16711423 16711423 16711423 16711423 16711423 16711423 16711423 557775 557775 557775 557775 557775 557775 557775 557775 557775 557775 557775 557775 557775 -1 -1 -1 -1 -1 -1 -1 -1 12957672 12957672 12957672 12957672 -1 -1 -1 -1 -1 -1 
-1 -1 -1 -1 -1 12957672 12957672 12957672 12957672 -1 -1 -1 -1 -1 -1 -1 -1 -1 569844 569844 569844 569844 557775 557775 557775 557775 557775 557775 557775 557775 557775 557775 557775 557775 557775 16711423 16711423 16711423 16711423 16711423 16711423 16711423 16711423 16711423 16711423 16711423 16711423 16711423 16711423 16711423 16711423 16711423 16711423 16711423 16711423 16711423 557775 557775 557775 557775 557775 557775 557775 557775 557775 557775 557775 557775 557775 -1 -1 -1 -1 -1 -1 -1 -1 12957672 12957672 12957672 12957672 -1 -1 -1 -1 -1 -1 
-1 -1 -1 -1 -1 12957672 12957672 12957672 12957672 -1 -1 -1 -1 -1 -1 -1 -1 -1 569844 569844 569844 569844 557775 557775 557775 557775 557775 557775 557775 557775 557775 557775 557775 557775 557775 16711423 16711423 16711423 16711423 16711423 16711423 16711423 16711423 16711423 16711423 16711423 16711423 16711423 16711423 16711423 16711423 16711423 16711423 16711423 16711423 16711423 557775 557775 557775 557775 557775 557775 557775 557775 557775 557775 557775 557775 557775 -1 -1 -1 -1 -1 -1 -1 -1 12957672 12957672 12957672 12957672 -1 -1 -1 -1 -1 -1 
-1 -1 -1 -1 -1 12957672 12957672 12957672 12957672 -1 -1 -1 -1 -1 -1 -1 -1 -1 569844 569844 569844 569844 557775 557775 557775 557775 557775 557775 557775 557775 557775 557775 557775 557775 557775 16711423 16711423 16711423 16711423 16711423 16711423 16711423 16711423 16711423 16711423 16711423 16711423 16711423 16711423 16711423 16711423 16711423 16711423 16711423 16711423 16711423 557775 557775 557775 557775 557775 557775 557775 557775 557775 557775 557775 557775 557775 -1 -1 -1 -1 -1 -1 -1 -1 12957672 12957672 12957672 12957672 -1 -1 -1 -1 -1 -1 
-1 -1 -1 -1 -1 12957672 12957672 12957672 12957672 -1 -1 -1 -1 -1 -1 -1 -1 -1 569844 569844 569844 569844 557775 557775 557775 557775 557775 557775 557775 557775 557775 557775 557775 557775 557775 16711423 16711423 16711423 16711423 1183019 1183019 1183019 1183019 1183019 1183019 1183019 1183019 1183019 1183019 1183019 1183019 1183019 16711423 16711423 16711423 16711423 557775 557775 557775 557775 557775 557775 557775 557775 557775 557775 557775 557775 557775 -1 -1 -1 -1 -1 -1 -1 -1 12957672 12957672 12957672 12957672 -1 -1 -1 -1 -1 -1 
-1 -1 -1 -1 -1 12957672 12957672 12957672 12957672 -1 -1 -1 -1 -1 -1 -1 -1 -1 569844 569844 569844 569844 557775 557775 557775 557775 557775 557775 557775 557775 557775 557775 557775 557775 557775 16711423 16711423 16711423 16711423 1183019 1183019 1183019 1183019 1183019 1183019 1183019 1183019 1183019 1183019 1183019 1183019 1183019 16711423 16711423 16711423 16711423 557775 557775 557775 557775 557775 557775 557775 557775 557775 557775 557775 557775 557775 -1 -1 -1 -1 -1 -1 -1 -1 12957672 12957672 12957672 12957672 -1 -1 -1 -1 -1 -1 
-1 -1 -1 -1 -1 12957672 12957672 12957672 12957672 -1 -1 -1 -1 -1 -1 -1 -1 -1 569844 569844 569844 569844 557775 557775 557775 557775 557775 557775 557775 557775 557775 557775 557775 557775 557775 16711423 16711423 16711423 16711423 1183019 1183019 1183019 1183019 1183019 1183019 1183019 1183019 1183019 1183019 1183019 1183019 1183019 16711423 16711423 16711423 16711423 557775 557775 557775 557775 557775 557775 557775 557775 557775 557775 557775 557775 557775 -1 -1 -1 -1 -1 -1 -1 -1 12957672 12957672 12957672 12957672 -1 -1 -1 -1 -1 -1 
-1 -1 -1 -1 -1 12957672 12957672 12957672 12957672 -1 -1 -1 -1 -1 -1 -1 -1 -1 569844 569844 569844 569844 557775 557775 557775 557775 557775 557775 557775 557775 557775 557775 557775 557775 557775 16711423 16711423 16711423 16711423 1183019 1183019 1183019 1183019 1183019 1183019 1183019 1183019 1183019 1183019 1183019 1183019 1183019 16711423 16711423 16711423 16711423 557775 557775 557775 557775 557775 557775 557775 557775 557775 557775 557775 557775 557775 -1 -1 -1 -1 -1 -1 -1 -1 12957672 12957672 12957672 12957672 -1 -1 -1 -1 -1 -1 
-1 -1 -1 -1 -1 12957672 12957672 12957672 12957672 -1 -1 -1 -1 -1 -1 -1 -1 -1 569844 569844 569844 569844 557775 557775 557775 557775 557775 557775 557775 557775 557775 557775 557775 557775 557775 16711423 16711423 16711423 16711423 16711423 16711423 16711423 16711423 16711423 16711423 16711423 16711423 16711423 16711423 16711423 16711423 16711423 16711423 16711423 16711423 16711423 557775 557775 557775 557775 557775 557775 557775 557775 557775 557775 557775 557775 557775 -1 -1 -1 -1 -1 -1 -1 -1 12957672 12957672 12957672 12957672 -1 -1 -1 -1 -1 -1 
-1 -1 -1 -1 -1 12957672 12957672 12957672 12957672 -1 -1 -1 -1 -1 -1 -1 -1 -1 569844 569844 569844 569844 557775 557775 557775 557775 557775 557775 557775 557775 557775 557775 557775 557775 557775 16711423 16711423 16711423 16711423 16711423 16711423 16711423 16711423 16711423 16711423 16711423 16711423 16711423 16711423 16711423 16711423 16711423 16711423 16711423 16711423 16711423 557775 557775 557775 557775 557775 557775 557775 557775 557775 557775 557775 557775 557775 -1 -1 -1 -1 -1 -1 -1 -1 12957672 12957672 12957672 12957672 -1 -1 -1 -1 -1 -1 
-1 -1 -1 -1 -1 12957672 12957672 12957672 12957672 -1 -1 -1 -1 -1 -1 -1 -1 -1 569844 569844 569844 569844 557775 557775 557775 557775 557775 557775 557775 557775 557775 557775 557775 557775 557775 16711423 16711423 16711423 16711423 16711423 16711423 16711423 16711423 16711423 16711423 16711423 16711423 16711423 16711423 16711423 16711423 16711423 16711423 16711423 16711423 16711423 557775 557775 557775 557775 557775 557775 557775 557775 557775 557775 557775 557775 557775 -1 -1 -1 -1 -1 -1 -1 -1 12957672 12957672 12957672 12957672 -1 -1 -1 -1 -1 -1 
-1 -1 -1 -1 -1 12957672 12957672 12957672 12957672 -1 -1 -1 -1 -1 -1 -1 -1 -1 569844 569844 569844 569844 557775 557775 557775 557775 557775 557775 557775 557775 557775 557775 557775 557775 557775 16711423 16711423 16711423 16711423 16711423 16711423 16711423 16711423 16711423 16711423 16711423 16711423 16711423 16711423 16711423 16711423 16711423 16711423 16711423 16711423 16711423 557775 557775 557775 557775 557775 557775 557775 557775 557775 557775 557775 557775 557775 -1 -1 -1 -1 -1 -1 -1 -1 12957672 12957672 12957672 12957672 -1 -1 -1 -1 -1 -1 
-1 -1 -1 -1 -1 12957672 12957672 12957672 12957672 -1 -1 -1 -1 -1 -1 -1 -1 -1 -1 -1 -1 -1 569844 569844 569844 569844 557775 557775 557775 557775 557775 557775 557775 557775 557775 557775 557775 557775 557775 16711423 16711423 16711423 16711423 16711423 16711423 16711423 16711423 16711423 16711423 16711423 16711423 557775 557775 557775 557775 557775 557775 557775 557775 557775 1989322 1989322 1989322 1989322 -1 -1 -1 -1 -1 -1 -1 -1 -1 -1 -1 -1 -1 12957672 12957672 12957672 12957672 -1 -1 -1 -1 -1 -1 
-1 -1 -1 -1 -1 12957672 12957672 12957672 12957672 -1 -1 -1 -1 -1 -1 -1 -1 -1 -1 -1 -1 -1 569844 569844 569844 569844 557775 557775 557775 557775 557775 557775 557775 557775 557775 557775 557775 557775 557775 16711423 16711423 16711423 16711423 16711423 16711423 16711423 16711423 16711423 16711423 16711423 16711423 557775 557775 557775 557775 557775 557775 557775 557775 557775 1989322 1989322 1989322 1989322 -1 -1 -1 -1 -1 -1 -1 -1 -1 -1 -1 -1 -1 12957672 12957672 12957672 12957672 -1 -1 -1 -1 -1 -1 
-1 -1 -1 -1 -1 12957672 12957672 12957672 12957672 -1 -1 -1 -1 -1 -1 -1 -1 -1 -1 -1 -1 -1 569844 569844 569844 569844 557775 557775 557775 557775 557775 557775 557775 557775 557775 557775 557775 557775 557775 16711423 16711423 16711423 16711423 16711423 16711423 16711423 16711423 16711423 16711423 16711423 16711423 557775 557775 557775 557775 557775 557775 557775 557775 557775 1989322 1989322 1989322 1989322 -1 -1 -1 -1 -1 -1 -1 -1 -1 -1 -1 -1 -1 12957672 12957672 12957672 12957672 -1 -1 -1 -1 -1 -1 
-1 -1 -1 -1 -1 12957672 12957672 12957672 12957672 -1 -1 -1 -1 -1 -1 -1 -1 -1 -1 -1 -1 -1 569844 569844 569844 569844 557775 557775 557775 557775 557775 557775 557775 557775 557775 557775 557775 557775 557775 16711423 16711423 16711423 16711423 16711423 16711423 16711423 16711423 16711423 16711423 16711423 16711423 557775 557775 557775 557775 557775 557775 557775 557775 557775 1989322 1989322 1989322 1989322 -1 -1 -1 -1 -1 -1 -1 -1 -1 -1 -1 -1 -1 12957672 12957672 12957672 12957672 -1 -1 -1 -1 -1 -1 
-1 -1 -1 -1 -1 -1 -1 -1 -1 12957672 12957672 12957672 12957672 -1 -1 -1 -1 -1 -1 -1 -1 -1 569844 569844 569844 569844 557775 557775 557775 557775 557775 557775 557775 557775 557775 557775 557775 557775 557775 557775 557775 557775 557775 557775 557775 557775 557775 557775 557775 557775 557775 557775 557775 557775 557775 557775 557775 557775 557775 557775 1989322 1989322 1989322 1989322 -1 -1 -1 -1 -1 -1 -1 -1 -1 12957672 12957672 12957672 12957672 -1 -1 -1 -1 -1 -1 -1 -1 -1 -1 
-1 -1 -1 -1 -1 -1 -1 -1 -1 12957672 12957672 12957672 12957672 -1 -1 -1 -1 -1 -1 -1 -1 -1 569844 569844 569844 569844 557775 557775 557775 557775 557775 557775 557775 557775 557775 557775 557775 557775 557775 557775 557775 557775 557775 557775 557775 557775 557775 557775 557775 557775 557775 557775 557775 557775 557775 557775 557775 557775 557775 557775 1989322 1989322 1989322 1989322 -1 -1 -1 -1 -1 -1 -1 -1 -1 12957672 12957672 12957672 12957672 -1 -1 -1 -1 -1 -1 -1 -1 -1 -1 
-1 -1 -1 -1 -1 -1 -1 -1 -1 12957672 12957672 12957672 12957672 -1 -1 -1 -1 -1 -1 -1 -1 -1 569844 569844 569844 569844 557775 557775 557775 557775 557775 557775 557775 557775 557775 557775 557775 557775 557775 557775 557775 557775 557775 557775 557775 557775 557775 557775 557775 557775 557775 557775 557775 557775 557775 557775 557775 557775 557775 557775 1989322 1989322 1989322 1989322 -1 -1 -1 -1 -1 -1 -1 -1 -1 12957672 12957672 12957672 12957672 -1 -1 -1 -1 -1 -1 -1 -1 -1 -1 
-1 -1 -1 -1 -1 -1 -1 -1 -1 12957672 12957672 12957672 12957672 -1 -1 -1 -1 -1 -1 -1 -1 -1 569844 569844 569844 569844 557775 557775 557775 557775 557775 557775 557775 557775 557775 557775 557775 557775 557775 557775 557775 557775 557775 557775 557775 557775 557775 557775 557775 557775 557775 557775 557775 557775 557775 557775 557775 557775 557775 557775 1989322 1989322 1989322 1989322 -1 -1 -1 -1 -1 -1 -1 -1 -1 12957672 12957672 12957672 12957672 -1 -1 -1 -1 -1 -1 -1 -1 -1 -1 
-1 -1 -1 -1 -1 -1 -1 -1 -1 12957672 12957672 12957672 12957672 -1 -1 -1 -1 -1 -1 -1 -1 -1 569844 569844 569844 569844 557775 557775 557775 557775 557775 557775 557775 557775 557775 557775 557775 557775 557775 557775 557775 557775 557775 557775 557775 557775 557775 557775 557775 557775 557775 557775 557775 557775 557775 557775 1989322 1989322 1989322 1989322 -1 -1 -1 -1 -1 -1 -1 -1 -1 -1 -1 -1 -1 12957672 12957672 12957672 12957672 -1 -1 -1 -1 -1 -1 -1 -1 -1 -1 
-1 -1 -1 -1 -1 -1 -1 -1 -1 -1 -1 -1 -1 12957672 12957672 12957672 12957672 12957672 -1 -1 -1 -1 -1 -1 -1 -1 569844 569844 569844 569844 557775 557775 557775 557775 557775 557775 557775 557775 557775 557775 557775 557775 557775 557775 557775 557775 557775 557775 557775 557775 557775 557775 557775 557775 557775 557775 1989322 1989322 1989322 1989322 -1 -1 -1 -1 -1 -1 -1 -1 -1 12957672 12957672 12957672 12957672 -1 -1 -1 -1 -1 -1 -1 -1 -1 -1 -1 -1 -1 -1 
-1 -1 -1 -1 -1 -1 -1 -1 -1 -1 -1 -1 -1 12957672 12957672 12957672 12957672 12957672 -1 -1 -1 -1 -1 -1 -1 -1 569844 569844 569844 569844 557775 557775 557775 557775 557775 557775 557775 557775 557775 557775 557775 557775 557775 557775 557775 557775 557775 557775 557775 557775 557775 557775 557775 557775 557775 557775 1989322 1989322 1989322 1989322 -1 -1 -1 -1 -1 -1 -1 -1 -1 12957672 12957672 12957672 12957672 -1 -1 -1 -1 -1 -1 -1 -1 -1 -1 -1 -1 -1 -1 
-1 -1 -1 -1 -1 -1 -1 -1 -1 -1 -1 -1 -1 12957672 12957672 12957672 12957672 12957672 -1 -1 -1 -1 -1 -1 -1 -1 569844 569844 569844 569844 557775 557775 557775 557775 557775 557775 557775 557775 557775 557775 557775 557775 557775 557775 557775 557775 557775 557775 557775 557775 557775 557775 557775 557775 557775 557775 1989322 1989322 1989322 1989322 -1 -1 -1 -1 -1 -1 -1 -1 -1 12957672 12957672 12957672 12957672 -1 -1 -1 -1 -1 -1 -1 -1 -1 -1 -1 -1 -1 -1 
-1 -1 -1 -1 -1 -1 -1 -1 -1 -1 -1 -1 -1 12957672 12957672 12957672 12957672 12957672 -1 -1 -1 -1 -1 -1 -1 -1 569844 569844 569844 569844 557775 557775 557775 557775 557775 557775 557775 557775 557775 557775 557775 557775 557775 557775 557775 557775 557775 557775 557775 557775 557775 557775 557775 557775 557775 557775 1989322 1989322 1989322 1989322 -1 -1 -1 -1 -1 -1 -1 -1 -1 12957672 12957672 12957672 12957672 -1 -1 -1 -1 -1 -1 -1 -1 -1 -1 -1 -1 -1 -1 
-1 -1 -1 -1 -1 -1 -1 -1 -1 -1 -1 -1 -1 -1 -1 -1 -1 -1 12957672 12957672 12957672 12957672 -1 -1 -1 -1 -1 -1 -1 -1 569844 569844 569844 569844 557775 557775 557775 557775 557775 557775 557775 557775 557775 557775 557775 557775 557775 557775 557775 557775 557775 557775 1989322 1989322 1989322 1989322 -1 -1 -1 -1 -1 -1 -1 -1 -1 12957672 12957672 12957672 12957672 -1 -1 -1 -1 -1 -1 -1 -1 -1 -1 -1 -1 -1 -1 -1 -1 -1 -1 
-1 -1 -1 -1 -1 -1 -1 -1 -1 -1 -1 -1 -1 -1 -1 -1 -1 -1 12957672 12957672 12957672 12957672 -1 -1 -1 -1 -1 -1 -1 -1 569844 569844 569844 569844 557775 557775 557775 557775 557775 557775 557775 557775 557775 557775 557775 557775 557775 557775 557775 557775 557775 557775 1989322 1989322 1989322 1989322 -1 -1 -1 -1 -1 -1 -1 -1 -1 12957672 12957672 12957672 12957672 -1 -1 -1 -1 -1 -1 -1 -1 -1 -1 -1 -1 -1 -1 -1 -1 -1 -1 
-1 -1 -1 -1 -1 -1 -1 -1 -1 -1 -1 -1 -1 -1 -1 -1 -1 -1 12957672 12957672 12957672 12957672 -1 -1 -1 -1 -1 -1 -1 -1 569844 569844 569844 569844 557775 557775 557775 557775 557775 557775 557775 557775 557775 557775 557775 557775 557775 557775 557775 557775 557775 557775 1989322 1989322 1989322 1989322 -1 -1 -1 -1 -1 -1 -1 -1 -1 12957672 12957672 12957672 12957672 -1 -1 -1 -1 -1 -1 -1 -1 -1 -1 -1 -1 -1 -1 -1 -1 -1 -1 
-1 -1 -1 -1 -1 -1 -1 -1 -1 -1 -1 -1 -1 -1 -1 -1 -1 -1 12957672 12957672 12957672 12957672 -1 -1 -1 -1 -1 -1 -1 -1 569844 569844 569844 569844 557775 557775 557775 557775 557775 557775 557775 557775 557775 557775 557775 557775 557775 557775 557775 557775 557775 557775 1989322 1989322 1989322 1989322 -1 -1 -1 -1 -1 -1 -1 -1 -1 12957672 12957672 12957672 12957672 -1 -1 -1 -1 -1 -1 -1 -1 -1 -1 -1 -1 -1 -1 -1 -1 -1 -1 
-1 -1 -1 -1 -1 -1 -1 -1 -1 -1 -1 -1 -1 -1 12497133 12497133 12497133 12497133 8222647 8222647 8222647 8222647 12957672 12957672 12957672 12957672 12957672 12957672 12957672 12957672 12957672 12957672 12957672 12957672 12957672 12957672 12957672 12957672 12957672 12957672 12957672 12957672 12957672 12957672 12957672 12957672 12957672 12957672 12957672 12957672 12957672 12957672 12957672 12957672 12957672 12957672 12957672 12957672 12957672 12957672 12957672 12957672 12957672 12957672 12957672 5256077 5256077 5256077 5256077 5256077 5256077 5256077 5256077 -1 -1 -1 -1 -1 -1 -1 -1 -1 -1 -1 -1 -1 -1 
-1 -1 -1 -1 -1 -1 -1 -1 -1 -1 -1 -1 -1 -1 12497133 12497133 12497133 12497133 8222647 8222647 8222647 8222647 12957672 12957672 12957672 12957672 12957672 12957672 12957672 12957672 12957672 12957672 12957672 12957672 12957672 12957672 12957672 12957672 12957672 12957672 12957672 12957672 12957672 12957672 12957672 12957672 12957672 12957672 12957672 12957672 12957672 12957672 12957672 12957672 12957672 12957672 12957672 12957672 12957672 12957672 12957672 12957672 12957672 12957672 12957672 5256077 5256077 5256077 5256077 5256077 5256077 5256077 5256077 -1 -1 -1 -1 -1 -1 -1 -1 -1 -1 -1 -1 -1 -1 
-1 -1 -1 -1 -1 -1 -1 -1 -1 -1 -1 -1 -1 -1 12497133 12497133 12497133 12497133 8222647 8222647 8222647 8222647 12957672 12957672 12957672 12957672 12957672 12957672 12957672 12957672 12957672 12957672 12957672 12957672 12957672 12957672 12957672 12957672 12957672 12957672 12957672 12957672 12957672 12957672 12957672 12957672 12957672 12957672 12957672 12957672 12957672 12957672 12957672 12957672 12957672 12957672 12957672 12957672 12957672 12957672 12957672 12957672 12957672 12957672 12957672 5256077 5256077 5256077 5256077 5256077 5256077 5256077 5256077 -1 -1 -1 -1 -1 -1 -1 -1 -1 -1 -1 -1 -1 -1 
-1 -1 -1 -1 -1 -1 -1 -1 -1 -1 -1 -1 -1 -1 12497133 12497133 12497133 12497133 8222647 8222647 8222647 8222647 12957672 12957672 12957672 12957672 12957672 12957672 12957672 12957672 12957672 12957672 12957672 12957672 12957672 12957672 12957672 12957672 12957672 12957672 12957672 12957672 12957672 12957672 12957672 12957672 12957672 12957672 12957672 12957672 12957672 12957672 12957672 12957672 12957672 12957672 12957672 12957672 12957672 12957672 12957672 12957672 12957672 12957672 12957672 5256077 5256077 5256077 5256077 5256077 5256077 5256077 5256077 -1 -1 -1 -1 -1 -1 -1 -1 -1 -1 -1 -1 -1 -1 
-1 -1 -1 -1 -1 -1 -1 -1 -1 11907302 11907302 11907302 11907302 11907302 12497133 12497133 12497133 12497133 11969498 11969498 11969498 11969498 11969498 11969498 11969498 11969498 11183065 11183065 11183065 11183065 11183065 11314397 11314397 11314397 11314397 11314397 11314397 11314397 11314397 11314397 11314397 11314397 11314397 11314397 11314397 11314397 11314397 11314397 11314397 11314397 11314397 11314397 10983894 10983894 10983894 10983894 9076424 9076424 9076424 9076424 9076424 9076424 9076424 9076424 9076424 9076424 9076424 9076424 9076424 8085179 8085179 8085179 8085179 5651079 5651079 5651079 5651079 -1 -1 -1 -1 -1 -1 -1 -1 -1 -1 
-1 -1 -1 -1 -1 -1 -1 -1 -1 11907302 11907302 11907302 11907302 11907302 12497133 12497133 12497133 12497133 11969498 11969498 11969498 11969498 11969498 11969498 11969498 11969498 11183065 11183065 11183065 11183065 11183065 11314397 11314397 11314397 11314397 11314397 11314397 11314397 11314397 11314397 11314397 11314397 11314397 11314397 11314397 11314397 11314397 11314397 11314397 11314397 11314397 11314397 10983894 10983894 10983894 10983894 9076424 9076424 9076424 9076424 9076424 9076424 9076424 9076424 9076424 9076424 9076424 9076424 9076424 8085179 8085179 8085179 8085179 5651079 5651079 5651079 5651079 -1 -1 -1 -1 -1 -1 -1 -1 -1 -1 
-1 -1 -1 -1 -1 -1 -1 -1 -1 11907302 11907302 11907302 11907302 11907302 12497133 12497133 12497133 12497133 11969498 11969498 11969498 11969498 11969498 11969498 11969498 11969498 11183065 11183065 11183065 11183065 11183065 11314397 11314397 11314397 11314397 11314397 11314397 11314397 11314397 11314397 11314397 11314397 11314397 11314397 11314397 11314397 11314397 11314397 11314397 11314397 11314397 11314397 10983894 10983894 10983894 10983894 9076424 9076424 9076424 9076424 9076424 9076424 9076424 9076424 9076424 9076424 9076424 9076424 9076424 8085179 8085179 8085179 8085179 5651079 5651079 5651079 5651079 -1 -1 -1 -1 -1 -1 -1 -1 -1 -1 
-1 -1 -1 -1 -1 -1 -1 -1 -1 11907302 11907302 11907302 11907302 11907302 12497133 12497133 12497133 12497133 11969498 11969498 11969498 11969498 11969498 11969498 11969498 11969498 11183065 11183065 11183065 11183065 11183065 11314397 11314397 11314397 11314397 11314397 11314397 11314397 11314397 11314397 11314397 11314397 11314397 11314397 11314397 11314397 11314397 11314397 11314397 11314397 11314397 11314397 10983894 10983894 10983894 10983894 9076424 9076424 9076424 9076424 9076424 9076424 9076424 9076424 9076424 9076424 9076424 9076424 9076424 8085179 8085179 8085179 8085179 5651079 5651079 5651079 5651079 -1 -1 -1 -1 -1 -1 -1 -1 -1 -1 
-1 -1 -1 -1 6765957 6765957 6765957 6765957 6765957 6765957 7362710 7362710 7362710 7362710 9010874 9010874 9010874 9010874 11183062 11183062 11183062 11183062 11183062 11183062 11183062 11183062 11183062 11183062 11183062 11183062 11183062 11183062 11183062 11183062 11314397 11314397 11314397 11314397 11314397 11314397 11314397 11314397 11314397 11314397 11314397 11314397 11314397 11314397 11314397 11314397 11314397 11314397 10983894 10983894 10983894 10983894 9076424 9076424 9076424 9076424 9076424 9076424 9076424 9076424 7889331 7889331 7889331 7889331 7889331 5651079 5651079 5651079 5651079 5651079 5651079 5651079 5651079 5190248 5190248 5190248 5190248 5190248 -1 -1 -1 -1 -1 
-1 -1 -1 -1 6765957 6765957 6765957 6765957 6765957 6765957 7362710 7362710 7362710 7362710 9010874 9010874 9010874 9010874 11183062 11183062 11183062 11183062 11183062 11183062 11183062 11183062 11183062 11183062 11183062 11183062 11183062 11183062 11183062 11183062 11183062 8286399 8286399 8286399 8286399 6241673 6241673 6241673 6241673 3087707 3087707 3087707 3087707 9076414 9076414 9076414 9076414 9076414 10983894 10983894 10983894 10983894 10983894 10983894 10983894 10983894 9076424 9076424 9076424 9076424 7889331 7889331 7889331 7889331 7889331 5651079 5651079 5651079 5651079 6636164 6636164 6636164 6636164 5190248 5190248 5190248 5190248 5190248 -1 -1 -1 -1 -1 
-1 -1 -1 -1 6765957 6765957 6765957 6765957 6765957 6765957 7362710 7362710 7362710 7362710 9010874 9010874 9010874 9010874 11183062 11183062 11183062 11183062 11183062 11183062 11183062 11183062 11183062 11183062 11183062 11183062 11183062 11183062 11183062 11183062 11183062 8286399 8286399 8286399 8286399 6241673 6241673 6241673 6241673 3087707 3087707 3087707 3087707 9076414 9076414 9076414 9076414 9076414 10983894 10983894 10983894 10983894 10983894 10983894 10983894 10983894 9076424 9076424 9076424 9076424 7889331 7889331 7889331 7889331 7889331 5651079 5651079 5651079 5651079 6636164 6636164 6636164 6636164 5190248 5190248 5190248 5190248 5190248 -1 -1 -1 -1 -1 
-1 -1 -1 -1 6765957 6765957 6765957 6765957 6765957 6765957 7362710 7362710 7362710 7362710 9010874 9010874 9010874 9010874 11183062 11183062 11183062 11183062 11183062 11183062 11183062 11183062 11183062 11183062 11183062 11183062 11183062 11183062 11183062 11183062 11183062 8286399 8286399 8286399 8286399 6241673 6241673 6241673 6241673 3087707 3087707 3087707 3087707 9076414 9076414 9076414 9076414 9076414 10983894 10983894 10983894 10983894 10983894 10983894 10983894 10983894 9076424 9076424 9076424 9076424 7889331 7889331 7889331 7889331 7889331 5651079 5651079 5651079 5651079 6636164 6636164 6636164 6636164 5190248 5190248 5190248 5190248 5190248 -1 -1 -1 -1 -1 
-1 -1 -1 -1 6765957 6765957 6765957 6765957 6765957 6765957 7362710 7362710 7362710 7362710 9010874 9010874 9010874 9010874 11183062 11183062 11183062 11183062 10854868 10854867 10985683 11051476 10920660 10920660 10855380 10855380 11117269 11183062 11183062 11183062 11183062 8286399 8286399 8286399 8286399 6241673 6241673 6241673 6241673 3087707 3087707 3087707 3087707 9076414 9076414 9076414 9076414 9076414 10983894 10983894 10983894 10983894 10983894 10983894 10983894 10983894 9076424 9076424 9076424 9076424 7889331 7889331 7889331 7889331 7889331 5651079 5651079 5651079 5651079 6636164 6636164 6636164 6636164 5190248 5190248 5190248 5190248 5190248 -1 -1 -1 -1 -1 
3676234 3676234 3676234 3676234 5321334 5321334 5321334 5321334 5321334 5321334 4926041 4926041 4926041 4926041 5190252 5190252 5190252 5190252 9273266 9273266 9273266 9273266 11183062 11183062 11183062 11183062 11183062 11183062 11183062 11183062 8879296 8879296 8879296 8879296 8879296 6773420 6773420 6773420 6773420 6241673 6241673 6241673 6241673 3087707 3087707 3087707 3087707 9076414 9076414 9076414 9076414 9076414 9076414 9076414 9076414 9076414 7495084 7495084 7495084 7495084 7495084 7495084 7495084 7495084 6637981 6637981 6637981 6637981 6637981 6636164 6636164 6636164 6636164 6636164 6636164 6636164 6636164 3676483 3676483 3676483 3676483 3676483 3676483 3676483 3676483 3676483 3676483 
3676234 3676234 3676234 3676234 5321334 5321334 5321334 5321334 5321334 5321334 4926041 4926041 4926041 4926041 5190252 5190252 5190252 5190252 9273266 9273266 9273266 9273266 11183062 11183062 11183062 11183062 11183062 11183062 11183062 11183062 8879296 8879296 8879296 8879296 8879296 6773420 6773420 6773420 6773420 7028367 7028367 7028367 7028367 4072798 4072798 4072798 4072798 9076414 9076414 9076414 9076414 9076414 9076414 9076414 9076414 9076414 7495084 7495084 7495084 7495084 7495084 7495084 7495084 7495084 6637981 6637981 6637981 6637981 6637981 6636164 6636164 6636164 6636164 6636164 6636164 6636164 6636164 3676483 3676483 3676483 3676483 3676483 3676483 3676483 3676483 3676483 3676483 
3676234 3676234 3676234 3676234 5321334 5321334 5321334 5321334 5321334 5321334 4926041 4926041 4926041 4926041 5190252 5190252 5190252 5190252 9273266 9273266 9273266 9273266 11183062 11183062 11183062 11183062 11183062 11183062 11183062 11183062 8879296 8879296 8879296 8879296 8879296 6773420 6773420 6773420 6773420 7028367 7028367 7028367 7028367 4072798 4072798 4072798 4072798 9076414 9076414 9076414 9076414 9076414 9076414 9076414 9076414 9076414 7495084 7495084 7495084 7495084 7495084 7495084 7495084 7495084 6637981 6637981 6637981 6637981 6637981 6636164 6636164 6636164 6636164 6636164 6636164 6636164 6636164 3676483 3676483 3676483 3676483 3676483 3676483 3676483 3676483 3676483 3676483 
3676234 3676234 3676234 3676234 5321334 5321334 5321334 5321334 5321334 5321334 4926041 4926041 4926041 4926041 5190252 5190252 5190252 5190252 9273266 9273266 9273266 9273266 11183062 11183062 11183062 11183062 11183062 11183062 11183062 11183062 8879296 8879296 8879296 8879296 8879296 6773420 6773420 6773420 6773420 7028367 7028367 7028367 7028367 4072798 4072798 4072798 4072798 9076414 9076414 9076414 9076414 9076414 9076414 9076414 9076414 9076414 7495084 7495084 7495084 7495084 7495084 7495084 7495084 7495084 6637981 6637981 6637981 6637981 6637981 6636164 6636164 6636164 6636164 6636164 6636164 6636164 6636164 3676483 3676483 3676483 3676483 3676483 3676483 3676483 3676483 3676483 3676483 
3676234 3676234 3676234 3676234 5321334 5321334 5321334 5321334 5321334 5321334 -1 -1 -1 -1 -1 -1 -1 -1 -1 -1 -1 -1 -1 -1 -1 -1 -1 -1 -1 -1 -1 -1 -1 -1 -1 -1 -1 -1 -1 7028367 7028367 7028367 7028367 4072798 4072798 4072798 4072798 -1 -1 -1 -1 -1 -1 -1 -1 -1 -1 -1 -1 -1 -1 -1 -1 -1 -1 -1 -1 -1 -1 -1 -1 -1 -1 -1 -1 -1 -1 3676483 3676483 3676483 3676483 3676483 3676483 3676483 3676483 3676483 3676483 
3676234 3676234 3676234 3676234 3676234 3676234 3676234 3676234 3676234 3676234 -1 -1 -1 -1 -1 -1 -1 -1 -1 -1 -1 -1 -1 -1 -1 -1 -1 -1 -1 -1 -1 -1 -1 -1 -1 -1 -1 -1 -1 4726876 4726876 4726876 4726876 4726876 4726876 4726876 4726876 -1 -1 -1 -1 -1 -1 -1 -1 -1 -1 -1 -1 -1 -1 -1 -1 -1 -1 -1 -1 -1 -1 -1 -1 -1 -1 -1 -1 -1 -1 3676483 3676483 3676483 3676483 3676483 3676483 3676483 3676483 3676483 3676483 
3676234 3676234 3676234 3676234 3676234 3676234 3676234 3676234 3676234 3676234 -1 -1 -1 -1 -1 -1 -1 -1 -1 -1 -1 -1 -1 -1 -1 -1 -1 -1 -1 -1 -1 -1 -1 -1 -1 -1 -1 -1 -1 4726876 4726876 4726876 4726876 4726876 4726876 4726876 4726876 -1 -1 -1 -1 -1 -1 -1 -1 -1 -1 -1 -1 -1 -1 -1 -1 -1 -1 -1 -1 -1 -1 -1 -1 -1 -1 -1 -1 -1 -1 3676483 3676483 3676483 3676483 3676483 3676483 3676483 3676483 3676483 3676483 
3676234 3676234 3676234 3676234 3676234 3676234 3676234 3676234 3676234 3676234 -1 -1 -1 -1 -1 -1 -1 -1 -1 -1 -1 -1 -1 -1 -1 -1 -1 -1 -1 -1 -1 -1 -1 -1 -1 -1 -1 -1 -1 4726876 4726876 4726876 4726876 4726876 4726876 4726876 4726876 -1 -1 -1 -1 -1 -1 -1 -1 -1 -1 -1 -1 -1 -1 -1 -1 -1 -1 -1 -1 -1 -1 -1 -1 -1 -1 -1 -1 -1 -1 3676483 3676483 3676483 3676483 3676483 3676483 3676483 3676483 3676483 3676483 
3676234 3676234 3676234 3676234 3676234 3676234 3676234 3676234 3676234 3676234 -1 -1 -1 -1 -1 -1 -1 -1 -1 -1 -1 -1 -1 -1 -1 -1 -1 -1 -1 -1 -1 -1 -1 -1 -1 -1 -1 -1 -1 4726876 4726876 4726876 4726876 4726876 4726876 4726876 4726876 -1 -1 -1 -1 -1 -1 -1 -1 -1 -1 -1 -1 -1 -1 -1 -1 -1 -1 -1 -1 -1 -1 -1 -1 -1 -1 -1 -1 -1 -1 3676483 3676483 3676483 3676483 3676483 3676483 3676483 3676483 3676483 3676483 
};